ProcessName,RegionName,Time,ObjSort,month,day,hour,UtilizationFactor,MinimumServiceFactor
Biomass Power Plant,Namibia,2015,upper,winter,all-week,night,0.5,0
Biomass Power Plant,Namibia,2015,upper,winter,all-week,day,0.5,0
Biomass Power Plant,Namibia,2015,upper,spring,all-week,night,0.5,0
Biomass Power Plant,Namibia,2015,upper,spring,all-week,day,0.5,0
Biomass Power Plant,Namibia,2015,upper,summer,all-week,night,0.5,0
Biomass Power Plant,Namibia,2015,upper,summer,all-week,day,0.5,0
Biomass Power Plant,Namibia,2015,upper,autumn,all-week,night,0.5,0
Biomass Power Plant,Namibia,2015,upper,autumn,all-week,day,0.5,0
Biomass Power Plant,Namibia,2020,upper,winter,all-week,night,0.5,0
Biomass Power Plant,Namibia,2020,upper,winter,all-week,day,0.5,0
Biomass Power Plant,Namibia,2020,upper,spring,all-week,night,0.5,0
Biomass Power Plant,Namibia,2020,upper,spring,all-week,day,0.5,0
Biomass Power Plant,Namibia,2020,upper,summer,all-week,night,0.5,0
Biomass Power Plant,Namibia,2020,upper,summer,all-week,day,0.5,0
Biomass Power Plant,Namibia,2020,upper,autumn,all-week,night,0.5,0
Biomass Power Plant,Namibia,2020,upper,autumn,all-week,day,0.5,0
Biomass Power Plant,Namibia,2025,upper,winter,all-week,night,0.5,0
Biomass Power Plant,Namibia,2025,upper,winter,all-week,day,0.5,0
Biomass Power Plant,Namibia,2025,upper,spring,all-week,night,0.5,0
Biomass Power Plant,Namibia,2025,upper,spring,all-week,day,0.5,0
Biomass Power Plant,Namibia,2025,upper,summer,all-week,night,0.5,0
Biomass Power Plant,Namibia,2025,upper,summer,all-week,day,0.5,0
Biomass Power Plant,Namibia,2025,upper,autumn,all-week,night,0.5,0
Biomass Power Plant,Namibia,2025,upper,autumn,all-week,day,0.5,0
Biomass Power Plant,Namibia,2030,upper,winter,all-week,night,0.5,0
Biomass Power Plant,Namibia,2030,upper,winter,all-week,day,0.5,0
Biomass Power Plant,Namibia,2030,upper,spring,all-week,night,0.5,0
Biomass Power Plant,Namibia,2030,upper,spring,all-week,day,0.5,0
Biomass Power Plant,Namibia,2030,upper,summer,all-week,night,0.5,0
Biomass Power Plant,Namibia,2030,upper,summer,all-week,day,0.5,0
Biomass Power Plant,Namibia,2030,upper,autumn,all-week,night,0.5,0
Biomass Power Plant,Namibia,2030,upper,autumn,all-week,day,0.5,0
Biomass Power Plant,Namibia,2040,upper,winter,all-week,night,0.5,0
Biomass Power Plant,Namibia,2040,upper,winter,all-week,day,0.5,0
Biomass Power Plant,Namibia,2040,upper,spring,all-week,night,0.5,0
Biomass Power Plant,Namibia,2040,upper,spring,all-week,day,0.5,0
Biomass Power Plant,Namibia,2040,upper,summer,all-week,night,0.5,0
Biomass Power Plant,Namibia,2040,upper,summer,all-week,day,0.5,0
Biomass Power Plant,Namibia,2040,upper,autumn,all-week,night,0.5,0
Biomass Power Plant,Namibia,2040,upper,autumn,all-week,day,0.5,0
Biomass Power Plant,Namibia,2050,upper,winter,all-week,night,0.5,0
Biomass Power Plant,Namibia,2050,upper,winter,all-week,day,0.5,0
Biomass Power Plant,Namibia,2050,upper,spring,all-week,night,0.5,0
Biomass Power Plant,Namibia,2050,upper,spring,all-week,day,0.5,0
Biomass Power Plant,Namibia,2050,upper,summer,all-week,night,0.5,0
Biomass Power Plant,Namibia,2050,upper,summer,all-week,day,0.5,0
Biomass Power Plant,Namibia,2050,upper,autumn,all-week,night,0.5,0
Biomass Power Plant,Namibia,2050,upper,autumn,all-week,day,0.5,0
CSP with Storage,Namibia,2015,upper,winter,all-week,night,0.075,0
CSP with Storage,Namibia,2015,upper,winter,all-week,day,0.452,0
CSP with Storage,Namibia,2015,upper,spring,all-week,night,0.075,0
CSP with Storage,Namibia,2015,upper,spring,all-week,day,0.452,0
CSP with Storage,Namibia,2015,upper,summer,all-week,night,0.075,0
CSP with Storage,Namibia,2015,upper,summer,all-week,day,0.452,0
CSP with Storage,Namibia,2015,upper,autumn,all-week,night,0.075,0
CSP with Storage,Namibia,2015,upper,autumn,all-week,day,0.452,0
CSP with Storage,Namibia,2020,upper,winter,all-week,night,0.075,0
CSP with Storage,Namibia,2020,upper,winter,all-week,day,0.452,0
CSP with Storage,Namibia,2020,upper,spring,all-week,night,0.075,0
CSP with Storage,Namibia,2020,upper,spring,all-week,day,0.452,0
CSP with Storage,Namibia,2020,upper,summer,all-week,night,0.075,0
CSP with Storage,Namibia,2020,upper,summer,all-week,day,0.452,0
CSP with Storage,Namibia,2020,upper,autumn,all-week,night,0.075,0
CSP with Storage,Namibia,2020,upper,autumn,all-week,day,0.452,0
CSP with Storage,Namibia,2025,upper,winter,all-week,night,0.075,0
CSP with Storage,Namibia,2025,upper,winter,all-week,day,0.452,0
CSP with Storage,Namibia,2025,upper,spring,all-week,night,0.075,0
CSP with Storage,Namibia,2025,upper,spring,all-week,day,0.452,0
CSP with Storage,Namibia,2025,upper,summer,all-week,night,0.075,0
CSP with Storage,Namibia,2025,upper,summer,all-week,day,0.452,0
CSP with Storage,Namibia,2025,upper,autumn,all-week,night,0.075,0
CSP with Storage,Namibia,2025,upper,autumn,all-week,day,0.452,0
CSP with Storage,Namibia,2030,upper,winter,all-week,night,0.075,0
CSP with Storage,Namibia,2030,upper,winter,all-week,day,0.452,0
CSP with Storage,Namibia,2030,upper,spring,all-week,night,0.075,0
CSP with Storage,Namibia,2030,upper,spring,all-week,day,0.452,0
CSP with Storage,Namibia,2030,upper,summer,all-week,night,0.075,0
CSP with Storage,Namibia,2030,upper,summer,all-week,day,0.452,0
CSP with Storage,Namibia,2030,upper,autumn,all-week,night,0.075,0
CSP with Storage,Namibia,2030,upper,autumn,all-week,day,0.452,0
CSP with Storage,Namibia,2040,upper,winter,all-week,night,0.075,0
CSP with Storage,Namibia,2040,upper,winter,all-week,day,0.452,0
CSP with Storage,Namibia,2040,upper,spring,all-week,night,0.075,0
CSP with Storage,Namibia,2040,upper,spring,all-week,day,0.452,0
CSP with Storage,Namibia,2040,upper,summer,all-week,night,0.075,0
CSP with Storage,Namibia,2040,upper,summer,all-week,day,0.452,0
CSP with Storage,Namibia,2040,upper,autumn,all-week,night,0.075,0
CSP with Storage,Namibia,2040,upper,autumn,all-week,day,0.452,0
CSP with Storage,Namibia,2050,upper,winter,all-week,night,0.075,0
CSP with Storage,Namibia,2050,upper,winter,all-week,day,0.452,0
CSP with Storage,Namibia,2050,upper,spring,all-week,night,0.075,0
CSP with Storage,Namibia,2050,upper,spring,all-week,day,0.452,0
CSP with Storage,Namibia,2050,upper,summer,all-week,night,0.075,0
CSP with Storage,Namibia,2050,upper,summer,all-week,day,0.452,0
CSP with Storage,Namibia,2050,upper,autumn,all-week,night,0.075,0
CSP with Storage,Namibia,2050,upper,autumn,all-week,day,0.452,0
CSP without Storage,Namibia,2015,upper,winter,all-week,night,0.0,0
CSP without Storage,Namibia,2015,upper,winter,all-week,day,0.452,0
CSP without Storage,Namibia,2015,upper,spring,all-week,night,0.0,0
CSP without Storage,Namibia,2015,upper,spring,all-week,day,0.452,0
CSP without Storage,Namibia,2015,upper,summer,all-week,night,0.0,0
CSP without Storage,Namibia,2015,upper,summer,all-week,day,0.452,0
CSP without Storage,Namibia,2015,upper,autumn,all-week,night,0.0,0
CSP without Storage,Namibia,2015,upper,autumn,all-week,day,0.452,0
CSP without Storage,Namibia,2020,upper,winter,all-week,night,0.0,0
CSP without Storage,Namibia,2020,upper,winter,all-week,day,0.452,0
CSP without Storage,Namibia,2020,upper,spring,all-week,night,0.0,0
CSP without Storage,Namibia,2020,upper,spring,all-week,day,0.452,0
CSP without Storage,Namibia,2020,upper,summer,all-week,night,0.0,0
CSP without Storage,Namibia,2020,upper,summer,all-week,day,0.452,0
CSP without Storage,Namibia,2020,upper,autumn,all-week,night,0.0,0
CSP without Storage,Namibia,2020,upper,autumn,all-week,day,0.452,0
CSP without Storage,Namibia,2025,upper,winter,all-week,night,0.0,0
CSP without Storage,Namibia,2025,upper,winter,all-week,day,0.452,0
CSP without Storage,Namibia,2025,upper,spring,all-week,night,0.0,0
CSP without Storage,Namibia,2025,upper,spring,all-week,day,0.452,0
CSP without Storage,Namibia,2025,upper,summer,all-week,night,0.0,0
CSP without Storage,Namibia,2025,upper,summer,all-week,day,0.452,0
CSP without Storage,Namibia,2025,upper,autumn,all-week,night,0.0,0
CSP without Storage,Namibia,2025,upper,autumn,all-week,day,0.452,0
CSP without Storage,Namibia,2030,upper,winter,all-week,night,0.0,0
CSP without Storage,Namibia,2030,upper,winter,all-week,day,0.452,0
CSP without Storage,Namibia,2030,upper,spring,all-week,night,0.0,0
CSP without Storage,Namibia,2030,upper,spring,all-week,day,0.452,0
CSP without Storage,Namibia,2030,upper,summer,all-week,night,0.0,0
CSP without Storage,Namibia,2030,upper,summer,all-week,day,0.452,0
CSP without Storage,Namibia,2030,upper,autumn,all-week,night,0.0,0
CSP without Storage,Namibia,2030,upper,autumn,all-week,day,0.452,0
CSP without Storage,Namibia,2040,upper,winter,all-week,night,0.0,0
CSP without Storage,Namibia,2040,upper,winter,all-week,day,0.452,0
CSP without Storage,Namibia,2040,upper,spring,all-week,night,0.0,0
CSP without Storage,Namibia,2040,upper,spring,all-week,day,0.452,0
CSP without Storage,Namibia,2040,upper,summer,all-week,night,0.0,0
CSP without Storage,Namibia,2040,upper,summer,all-week,day,0.452,0
CSP without Storage,Namibia,2040,upper,autumn,all-week,night,0.0,0
CSP without Storage,Namibia,2040,upper,autumn,all-week,day,0.452,0
CSP without Storage,Namibia,2050,upper,winter,all-week,night,0.0,0
CSP without Storage,Namibia,2050,upper,winter,all-week,day,0.452,0
CSP without Storage,Namibia,2050,upper,spring,all-week,night,0.0,0
CSP without Storage,Namibia,2050,upper,spring,all-week,day,0.452,0
CSP without Storage,Namibia,2050,upper,summer,all-week,night,0.0,0
CSP without Storage,Namibia,2050,upper,summer,all-week,day,0.452,0
CSP without Storage,Namibia,2050,upper,autumn,all-week,night,0.0,0
CSP without Storage,Namibia,2050,upper,autumn,all-week,day,0.452,0
Coal Power Plant,Namibia,2015,upper,winter,all-week,night,0.85,0
Coal Power Plant,Namibia,2015,upper,winter,all-week,day,0.85,0
Coal Power Plant,Namibia,2015,upper,spring,all-week,night,0.85,0
Coal Power Plant,Namibia,2015,upper,spring,all-week,day,0.85,0
Coal Power Plant,Namibia,2015,upper,summer,all-week,night,0.85,0
Coal Power Plant,Namibia,2015,upper,summer,all-week,day,0.85,0
Coal Power Plant,Namibia,2015,upper,autumn,all-week,night,0.85,0
Coal Power Plant,Namibia,2015,upper,autumn,all-week,day,0.85,0
Coal Power Plant,Namibia,2020,upper,winter,all-week,night,0.85,0
Coal Power Plant,Namibia,2020,upper,winter,all-week,day,0.85,0
Coal Power Plant,Namibia,2020,upper,spring,all-week,night,0.85,0
Coal Power Plant,Namibia,2020,upper,spring,all-week,day,0.85,0
Coal Power Plant,Namibia,2020,upper,summer,all-week,night,0.85,0
Coal Power Plant,Namibia,2020,upper,summer,all-week,day,0.85,0
Coal Power Plant,Namibia,2020,upper,autumn,all-week,night,0.85,0
Coal Power Plant,Namibia,2020,upper,autumn,all-week,day,0.85,0
Coal Power Plant,Namibia,2025,upper,winter,all-week,night,0.85,0
Coal Power Plant,Namibia,2025,upper,winter,all-week,day,0.85,0
Coal Power Plant,Namibia,2025,upper,spring,all-week,night,0.85,0
Coal Power Plant,Namibia,2025,upper,spring,all-week,day,0.85,0
Coal Power Plant,Namibia,2025,upper,summer,all-week,night,0.85,0
Coal Power Plant,Namibia,2025,upper,summer,all-week,day,0.85,0
Coal Power Plant,Namibia,2025,upper,autumn,all-week,night,0.85,0
Coal Power Plant,Namibia,2025,upper,autumn,all-week,day,0.85,0
Coal Power Plant,Namibia,2030,upper,winter,all-week,night,0.85,0
Coal Power Plant,Namibia,2030,upper,winter,all-week,day,0.85,0
Coal Power Plant,Namibia,2030,upper,spring,all-week,night,0.85,0
Coal Power Plant,Namibia,2030,upper,spring,all-week,day,0.85,0
Coal Power Plant,Namibia,2030,upper,summer,all-week,night,0.85,0
Coal Power Plant,Namibia,2030,upper,summer,all-week,day,0.85,0
Coal Power Plant,Namibia,2030,upper,autumn,all-week,night,0.85,0
Coal Power Plant,Namibia,2030,upper,autumn,all-week,day,0.85,0
Coal Power Plant,Namibia,2040,upper,winter,all-week,night,0.85,0
Coal Power Plant,Namibia,2040,upper,winter,all-week,day,0.85,0
Coal Power Plant,Namibia,2040,upper,spring,all-week,night,0.85,0
Coal Power Plant,Namibia,2040,upper,spring,all-week,day,0.85,0
Coal Power Plant,Namibia,2040,upper,summer,all-week,night,0.85,0
Coal Power Plant,Namibia,2040,upper,summer,all-week,day,0.85,0
Coal Power Plant,Namibia,2040,upper,autumn,all-week,night,0.85,0
Coal Power Plant,Namibia,2040,upper,autumn,all-week,day,0.85,0
Coal Power Plant,Namibia,2050,upper,winter,all-week,night,0.85,0
Coal Power Plant,Namibia,2050,upper,winter,all-week,day,0.85,0
Coal Power Plant,Namibia,2050,upper,spring,all-week,night,0.85,0
Coal Power Plant,Namibia,2050,upper,spring,all-week,day,0.85,0
Coal Power Plant,Namibia,2050,upper,summer,all-week,night,0.85,0
Coal Power Plant,Namibia,2050,upper,summer,all-week,day,0.85,0
Coal Power Plant,Namibia,2050,upper,autumn,all-week,night,0.85,0
Coal Power Plant,Namibia,2050,upper,autumn,all-week,day,0.85,0
Gas Power Plant (CCGT),Namibia,2015,upper,winter,all-week,night,0.85,0
Gas Power Plant (CCGT),Namibia,2015,upper,winter,all-week,day,0.85,0
Gas Power Plant (CCGT),Namibia,2015,upper,spring,all-week,night,0.85,0
Gas Power Plant (CCGT),Namibia,2015,upper,spring,all-week,day,0.85,0
Gas Power Plant (CCGT),Namibia,2015,upper,summer,all-week,night,0.85,0
Gas Power Plant (CCGT),Namibia,2015,upper,summer,all-week,day,0.85,0
Gas Power Plant (CCGT),Namibia,2015,upper,autumn,all-week,night,0.85,0
Gas Power Plant (CCGT),Namibia,2015,upper,autumn,all-week,day,0.85,0
Gas Power Plant (CCGT),Namibia,2020,upper,winter,all-week,night,0.85,0
Gas Power Plant (CCGT),Namibia,2020,upper,winter,all-week,day,0.85,0
Gas Power Plant (CCGT),Namibia,2020,upper,spring,all-week,night,0.85,0
Gas Power Plant (CCGT),Namibia,2020,upper,spring,all-week,day,0.85,0
Gas Power Plant (CCGT),Namibia,2020,upper,summer,all-week,night,0.85,0
Gas Power Plant (CCGT),Namibia,2020,upper,summer,all-week,day,0.85,0
Gas Power Plant (CCGT),Namibia,2020,upper,autumn,all-week,night,0.85,0
Gas Power Plant (CCGT),Namibia,2020,upper,autumn,all-week,day,0.85,0
Gas Power Plant (CCGT),Namibia,2025,upper,winter,all-week,night,0.85,0
Gas Power Plant (CCGT),Namibia,2025,upper,winter,all-week,day,0.85,0
Gas Power Plant (CCGT),Namibia,2025,upper,spring,all-week,night,0.85,0
Gas Power Plant (CCGT),Namibia,2025,upper,spring,all-week,day,0.85,0
Gas Power Plant (CCGT),Namibia,2025,upper,summer,all-week,night,0.85,0
Gas Power Plant (CCGT),Namibia,2025,upper,summer,all-week,day,0.85,0
Gas Power Plant (CCGT),Namibia,2025,upper,autumn,all-week,night,0.85,0
Gas Power Plant (CCGT),Namibia,2025,upper,autumn,all-week,day,0.85,0
Gas Power Plant (CCGT),Namibia,2030,upper,winter,all-week,night,0.85,0
Gas Power Plant (CCGT),Namibia,2030,upper,winter,all-week,day,0.85,0
Gas Power Plant (CCGT),Namibia,2030,upper,spring,all-week,night,0.85,0
Gas Power Plant (CCGT),Namibia,2030,upper,spring,all-week,day,0.85,0
Gas Power Plant (CCGT),Namibia,2030,upper,summer,all-week,night,0.85,0
Gas Power Plant (CCGT),Namibia,2030,upper,summer,all-week,day,0.85,0
Gas Power Plant (CCGT),Namibia,2030,upper,autumn,all-week,night,0.85,0
Gas Power Plant (CCGT),Namibia,2030,upper,autumn,all-week,day,0.85,0
Gas Power Plant (CCGT),Namibia,2040,upper,winter,all-week,night,0.85,0
Gas Power Plant (CCGT),Namibia,2040,upper,winter,all-week,day,0.85,0
Gas Power Plant (CCGT),Namibia,2040,upper,spring,all-week,night,0.85,0
Gas Power Plant (CCGT),Namibia,2040,upper,spring,all-week,day,0.85,0
Gas Power Plant (CCGT),Namibia,2040,upper,summer,all-week,night,0.85,0
Gas Power Plant (CCGT),Namibia,2040,upper,summer,all-week,day,0.85,0
Gas Power Plant (CCGT),Namibia,2040,upper,autumn,all-week,night,0.85,0
Gas Power Plant (CCGT),Namibia,2040,upper,autumn,all-week,day,0.85,0
Gas Power Plant (CCGT),Namibia,2050,upper,winter,all-week,night,0.85,0
Gas Power Plant (CCGT),Namibia,2050,upper,winter,all-week,day,0.85,0
Gas Power Plant (CCGT),Namibia,2050,upper,spring,all-week,night,0.85,0
Gas Power Plant (CCGT),Namibia,2050,upper,spring,all-week,day,0.85,0
Gas Power Plant (CCGT),Namibia,2050,upper,summer,all-week,night,0.85,0
Gas Power Plant (CCGT),Namibia,2050,upper,summer,all-week,day,0.85,0
Gas Power Plant (CCGT),Namibia,2050,upper,autumn,all-week,night,0.85,0
Gas Power Plant (CCGT),Namibia,2050,upper,autumn,all-week,day,0.85,0
Gas Power Plant (SCGT),Namibia,2015,upper,winter,all-week,night,0.85,0
Gas Power Plant (SCGT),Namibia,2015,upper,winter,all-week,day,0.85,0
Gas Power Plant (SCGT),Namibia,2015,upper,spring,all-week,night,0.85,0
Gas Power Plant (SCGT),Namibia,2015,upper,spring,all-week,day,0.85,0
Gas Power Plant (SCGT),Namibia,2015,upper,summer,all-week,night,0.85,0
Gas Power Plant (SCGT),Namibia,2015,upper,summer,all-week,day,0.85,0
Gas Power Plant (SCGT),Namibia,2015,upper,autumn,all-week,night,0.85,0
Gas Power Plant (SCGT),Namibia,2015,upper,autumn,all-week,day,0.85,0
Gas Power Plant (SCGT),Namibia,2020,upper,winter,all-week,night,0.85,0
Gas Power Plant (SCGT),Namibia,2020,upper,winter,all-week,day,0.85,0
Gas Power Plant (SCGT),Namibia,2020,upper,spring,all-week,night,0.85,0
Gas Power Plant (SCGT),Namibia,2020,upper,spring,all-week,day,0.85,0
Gas Power Plant (SCGT),Namibia,2020,upper,summer,all-week,night,0.85,0
Gas Power Plant (SCGT),Namibia,2020,upper,summer,all-week,day,0.85,0
Gas Power Plant (SCGT),Namibia,2020,upper,autumn,all-week,night,0.85,0
Gas Power Plant (SCGT),Namibia,2020,upper,autumn,all-week,day,0.85,0
Gas Power Plant (SCGT),Namibia,2025,upper,winter,all-week,night,0.85,0
Gas Power Plant (SCGT),Namibia,2025,upper,winter,all-week,day,0.85,0
Gas Power Plant (SCGT),Namibia,2025,upper,spring,all-week,night,0.85,0
Gas Power Plant (SCGT),Namibia,2025,upper,spring,all-week,day,0.85,0
Gas Power Plant (SCGT),Namibia,2025,upper,summer,all-week,night,0.85,0
Gas Power Plant (SCGT),Namibia,2025,upper,summer,all-week,day,0.85,0
Gas Power Plant (SCGT),Namibia,2025,upper,autumn,all-week,night,0.85,0
Gas Power Plant (SCGT),Namibia,2025,upper,autumn,all-week,day,0.85,0
Gas Power Plant (SCGT),Namibia,2030,upper,winter,all-week,night,0.85,0
Gas Power Plant (SCGT),Namibia,2030,upper,winter,all-week,day,0.85,0
Gas Power Plant (SCGT),Namibia,2030,upper,spring,all-week,night,0.85,0
Gas Power Plant (SCGT),Namibia,2030,upper,spring,all-week,day,0.85,0
Gas Power Plant (SCGT),Namibia,2030,upper,summer,all-week,night,0.85,0
Gas Power Plant (SCGT),Namibia,2030,upper,summer,all-week,day,0.85,0
Gas Power Plant (SCGT),Namibia,2030,upper,autumn,all-week,night,0.85,0
Gas Power Plant (SCGT),Namibia,2030,upper,autumn,all-week,day,0.85,0
Gas Power Plant (SCGT),Namibia,2040,upper,winter,all-week,night,0.85,0
Gas Power Plant (SCGT),Namibia,2040,upper,winter,all-week,day,0.85,0
Gas Power Plant (SCGT),Namibia,2040,upper,spring,all-week,night,0.85,0
Gas Power Plant (SCGT),Namibia,2040,upper,spring,all-week,day,0.85,0
Gas Power Plant (SCGT),Namibia,2040,upper,summer,all-week,night,0.85,0
Gas Power Plant (SCGT),Namibia,2040,upper,summer,all-week,day,0.85,0
Gas Power Plant (SCGT),Namibia,2040,upper,autumn,all-week,night,0.85,0
Gas Power Plant (SCGT),Namibia,2040,upper,autumn,all-week,day,0.85,0
Gas Power Plant (SCGT),Namibia,2050,upper,winter,all-week,night,0.85,0
Gas Power Plant (SCGT),Namibia,2050,upper,winter,all-week,day,0.85,0
Gas Power Plant (SCGT),Namibia,2050,upper,spring,all-week,night,0.85,0
Gas Power Plant (SCGT),Namibia,2050,upper,spring,all-week,day,0.85,0
Gas Power Plant (SCGT),Namibia,2050,upper,summer,all-week,night,0.85,0
Gas Power Plant (SCGT),Namibia,2050,upper,summer,all-week,day,0.85,0
Gas Power Plant (SCGT),Namibia,2050,upper,autumn,all-week,night,0.85,0
Gas Power Plant (SCGT),Namibia,2050,upper,autumn,all-week,day,0.85,0
Geothermal Power Plant,Namibia,2015,upper,winter,all-week,night,0.79,0
Geothermal Power Plant,Namibia,2015,upper,winter,all-week,day,0.79,0
Geothermal Power Plant,Namibia,2015,upper,spring,all-week,night,0.79,0
Geothermal Power Plant,Namibia,2015,upper,spring,all-week,day,0.79,0
Geothermal Power Plant,Namibia,2015,upper,summer,all-week,night,0.79,0
Geothermal Power Plant,Namibia,2015,upper,summer,all-week,day,0.79,0
Geothermal Power Plant,Namibia,2015,upper,autumn,all-week,night,0.79,0
Geothermal Power Plant,Namibia,2015,upper,autumn,all-week,day,0.79,0
Geothermal Power Plant,Namibia,2020,upper,winter,all-week,night,0.79,0
Geothermal Power Plant,Namibia,2020,upper,winter,all-week,day,0.79,0
Geothermal Power Plant,Namibia,2020,upper,spring,all-week,night,0.79,0
Geothermal Power Plant,Namibia,2020,upper,spring,all-week,day,0.79,0
Geothermal Power Plant,Namibia,2020,upper,summer,all-week,night,0.79,0
Geothermal Power Plant,Namibia,2020,upper,summer,all-week,day,0.79,0
Geothermal Power Plant,Namibia,2020,upper,autumn,all-week,night,0.79,0
Geothermal Power Plant,Namibia,2020,upper,autumn,all-week,day,0.79,0
Geothermal Power Plant,Namibia,2025,upper,winter,all-week,night,0.79,0
Geothermal Power Plant,Namibia,2025,upper,winter,all-week,day,0.79,0
Geothermal Power Plant,Namibia,2025,upper,spring,all-week,night,0.79,0
Geothermal Power Plant,Namibia,2025,upper,spring,all-week,day,0.79,0
Geothermal Power Plant,Namibia,2025,upper,summer,all-week,night,0.79,0
Geothermal Power Plant,Namibia,2025,upper,summer,all-week,day,0.79,0
Geothermal Power Plant,Namibia,2025,upper,autumn,all-week,night,0.79,0
Geothermal Power Plant,Namibia,2025,upper,autumn,all-week,day,0.79,0
Geothermal Power Plant,Namibia,2030,upper,winter,all-week,night,0.79,0
Geothermal Power Plant,Namibia,2030,upper,winter,all-week,day,0.79,0
Geothermal Power Plant,Namibia,2030,upper,spring,all-week,night,0.79,0
Geothermal Power Plant,Namibia,2030,upper,spring,all-week,day,0.79,0
Geothermal Power Plant,Namibia,2030,upper,summer,all-week,night,0.79,0
Geothermal Power Plant,Namibia,2030,upper,summer,all-week,day,0.79,0
Geothermal Power Plant,Namibia,2030,upper,autumn,all-week,night,0.79,0
Geothermal Power Plant,Namibia,2030,upper,autumn,all-week,day,0.79,0
Geothermal Power Plant,Namibia,2040,upper,winter,all-week,night,0.79,0
Geothermal Power Plant,Namibia,2040,upper,winter,all-week,day,0.79,0
Geothermal Power Plant,Namibia,2040,upper,spring,all-week,night,0.79,0
Geothermal Power Plant,Namibia,2040,upper,spring,all-week,day,0.79,0
Geothermal Power Plant,Namibia,2040,upper,summer,all-week,night,0.79,0
Geothermal Power Plant,Namibia,2040,upper,summer,all-week,day,0.79,0
Geothermal Power Plant,Namibia,2040,upper,autumn,all-week,night,0.79,0
Geothermal Power Plant,Namibia,2040,upper,autumn,all-week,day,0.79,0
Geothermal Power Plant,Namibia,2050,upper,winter,all-week,night,0.79,0
Geothermal Power Plant,Namibia,2050,upper,winter,all-week,day,0.79,0
Geothermal Power Plant,Namibia,2050,upper,spring,all-week,night,0.79,0
Geothermal Power Plant,Namibia,2050,upper,spring,all-week,day,0.79,0
Geothermal Power Plant,Namibia,2050,upper,summer,all-week,night,0.79,0
Geothermal Power Plant,Namibia,2050,upper,summer,all-week,day,0.79,0
Geothermal Power Plant,Namibia,2050,upper,autumn,all-week,night,0.79,0
Geothermal Power Plant,Namibia,2050,upper,autumn,all-week,day,0.79,0
Large Hydropower Plant (Dam) (>100MW),Namibia,2015,upper,winter,all-week,night,0.396238763,0
Large Hydropower Plant (Dam) (>100MW),Namibia,2015,upper,winter,all-week,day,0.396238763,0
Large Hydropower Plant (Dam) (>100MW),Namibia,2015,upper,spring,all-week,night,0.672067048,0
Large Hydropower Plant (Dam) (>100MW),Namibia,2015,upper,spring,all-week,day,0.672067048,0
Large Hydropower Plant (Dam) (>100MW),Namibia,2015,upper,summer,all-week,night,0.290540363,0
Large Hydropower Plant (Dam) (>100MW),Namibia,2015,upper,summer,all-week,day,0.290540363,0
Large Hydropower Plant (Dam) (>100MW),Namibia,2015,upper,autumn,all-week,night,0.558448359,0
Large Hydropower Plant (Dam) (>100MW),Namibia,2015,upper,autumn,all-week,day,0.558448359,0
Large Hydropower Plant (Dam) (>100MW),Namibia,2020,upper,winter,all-week,night,0.396238763,0
Large Hydropower Plant (Dam) (>100MW),Namibia,2020,upper,winter,all-week,day,0.396238763,0
Large Hydropower Plant (Dam) (>100MW),Namibia,2020,upper,spring,all-week,night,0.672067048,0
Large Hydropower Plant (Dam) (>100MW),Namibia,2020,upper,spring,all-week,day,0.672067048,0
Large Hydropower Plant (Dam) (>100MW),Namibia,2020,upper,summer,all-week,night,0.290540363,0
Large Hydropower Plant (Dam) (>100MW),Namibia,2020,upper,summer,all-week,day,0.290540363,0
Large Hydropower Plant (Dam) (>100MW),Namibia,2020,upper,autumn,all-week,night,0.558448359,0
Large Hydropower Plant (Dam) (>100MW),Namibia,2020,upper,autumn,all-week,day,0.558448359,0
Large Hydropower Plant (Dam) (>100MW),Namibia,2025,upper,winter,all-week,night,0.396238763,0
Large Hydropower Plant (Dam) (>100MW),Namibia,2025,upper,winter,all-week,day,0.396238763,0
Large Hydropower Plant (Dam) (>100MW),Namibia,2025,upper,spring,all-week,night,0.672067048,0
Large Hydropower Plant (Dam) (>100MW),Namibia,2025,upper,spring,all-week,day,0.672067048,0
Large Hydropower Plant (Dam) (>100MW),Namibia,2025,upper,summer,all-week,night,0.290540363,0
Large Hydropower Plant (Dam) (>100MW),Namibia,2025,upper,summer,all-week,day,0.290540363,0
Large Hydropower Plant (Dam) (>100MW),Namibia,2025,upper,autumn,all-week,night,0.558448359,0
Large Hydropower Plant (Dam) (>100MW),Namibia,2025,upper,autumn,all-week,day,0.558448359,0
Large Hydropower Plant (Dam) (>100MW),Namibia,2030,upper,winter,all-week,night,0.396238763,0
Large Hydropower Plant (Dam) (>100MW),Namibia,2030,upper,winter,all-week,day,0.396238763,0
Large Hydropower Plant (Dam) (>100MW),Namibia,2030,upper,spring,all-week,night,0.672067048,0
Large Hydropower Plant (Dam) (>100MW),Namibia,2030,upper,spring,all-week,day,0.672067048,0
Large Hydropower Plant (Dam) (>100MW),Namibia,2030,upper,summer,all-week,night,0.290540363,0
Large Hydropower Plant (Dam) (>100MW),Namibia,2030,upper,summer,all-week,day,0.290540363,0
Large Hydropower Plant (Dam) (>100MW),Namibia,2030,upper,autumn,all-week,night,0.558448359,0
Large Hydropower Plant (Dam) (>100MW),Namibia,2030,upper,autumn,all-week,day,0.558448359,0
Large Hydropower Plant (Dam) (>100MW),Namibia,2040,upper,winter,all-week,night,0.396238763,0
Large Hydropower Plant (Dam) (>100MW),Namibia,2040,upper,winter,all-week,day,0.396238763,0
Large Hydropower Plant (Dam) (>100MW),Namibia,2040,upper,spring,all-week,night,0.672067048,0
Large Hydropower Plant (Dam) (>100MW),Namibia,2040,upper,spring,all-week,day,0.672067048,0
Large Hydropower Plant (Dam) (>100MW),Namibia,2040,upper,summer,all-week,night,0.290540363,0
Large Hydropower Plant (Dam) (>100MW),Namibia,2040,upper,summer,all-week,day,0.290540363,0
Large Hydropower Plant (Dam) (>100MW),Namibia,2040,upper,autumn,all-week,night,0.558448359,0
Large Hydropower Plant (Dam) (>100MW),Namibia,2040,upper,autumn,all-week,day,0.558448359,0
Large Hydropower Plant (Dam) (>100MW),Namibia,2050,upper,winter,all-week,night,0.396238763,0
Large Hydropower Plant (Dam) (>100MW),Namibia,2050,upper,winter,all-week,day,0.396238763,0
Large Hydropower Plant (Dam) (>100MW),Namibia,2050,upper,spring,all-week,night,0.672067048,0
Large Hydropower Plant (Dam) (>100MW),Namibia,2050,upper,spring,all-week,day,0.672067048,0
Large Hydropower Plant (Dam) (>100MW),Namibia,2050,upper,summer,all-week,night,0.290540363,0
Large Hydropower Plant (Dam) (>100MW),Namibia,2050,upper,summer,all-week,day,0.290540363,0
Large Hydropower Plant (Dam) (>100MW),Namibia,2050,upper,autumn,all-week,night,0.558448359,0
Large Hydropower Plant (Dam) (>100MW),Namibia,2050,upper,autumn,all-week,day,0.558448359,0
Light Fuel Oil Power Plant,Namibia,2015,upper,winter,all-week,night,0.8,0
Light Fuel Oil Power Plant,Namibia,2015,upper,winter,all-week,day,0.8,0
Light Fuel Oil Power Plant,Namibia,2015,upper,spring,all-week,night,0.8,0
Light Fuel Oil Power Plant,Namibia,2015,upper,spring,all-week,day,0.8,0
Light Fuel Oil Power Plant,Namibia,2015,upper,summer,all-week,night,0.8,0
Light Fuel Oil Power Plant,Namibia,2015,upper,summer,all-week,day,0.8,0
Light Fuel Oil Power Plant,Namibia,2015,upper,autumn,all-week,night,0.8,0
Light Fuel Oil Power Plant,Namibia,2015,upper,autumn,all-week,day,0.8,0
Light Fuel Oil Power Plant,Namibia,2020,upper,winter,all-week,night,0.8,0
Light Fuel Oil Power Plant,Namibia,2020,upper,winter,all-week,day,0.8,0
Light Fuel Oil Power Plant,Namibia,2020,upper,spring,all-week,night,0.8,0
Light Fuel Oil Power Plant,Namibia,2020,upper,spring,all-week,day,0.8,0
Light Fuel Oil Power Plant,Namibia,2020,upper,summer,all-week,night,0.8,0
Light Fuel Oil Power Plant,Namibia,2020,upper,summer,all-week,day,0.8,0
Light Fuel Oil Power Plant,Namibia,2020,upper,autumn,all-week,night,0.8,0
Light Fuel Oil Power Plant,Namibia,2020,upper,autumn,all-week,day,0.8,0
Light Fuel Oil Power Plant,Namibia,2025,upper,winter,all-week,night,0.8,0
Light Fuel Oil Power Plant,Namibia,2025,upper,winter,all-week,day,0.8,0
Light Fuel Oil Power Plant,Namibia,2025,upper,spring,all-week,night,0.8,0
Light Fuel Oil Power Plant,Namibia,2025,upper,spring,all-week,day,0.8,0
Light Fuel Oil Power Plant,Namibia,2025,upper,summer,all-week,night,0.8,0
Light Fuel Oil Power Plant,Namibia,2025,upper,summer,all-week,day,0.8,0
Light Fuel Oil Power Plant,Namibia,2025,upper,autumn,all-week,night,0.8,0
Light Fuel Oil Power Plant,Namibia,2025,upper,autumn,all-week,day,0.8,0
Light Fuel Oil Power Plant,Namibia,2030,upper,winter,all-week,night,0.8,0
Light Fuel Oil Power Plant,Namibia,2030,upper,winter,all-week,day,0.8,0
Light Fuel Oil Power Plant,Namibia,2030,upper,spring,all-week,night,0.8,0
Light Fuel Oil Power Plant,Namibia,2030,upper,spring,all-week,day,0.8,0
Light Fuel Oil Power Plant,Namibia,2030,upper,summer,all-week,night,0.8,0
Light Fuel Oil Power Plant,Namibia,2030,upper,summer,all-week,day,0.8,0
Light Fuel Oil Power Plant,Namibia,2030,upper,autumn,all-week,night,0.8,0
Light Fuel Oil Power Plant,Namibia,2030,upper,autumn,all-week,day,0.8,0
Light Fuel Oil Power Plant,Namibia,2040,upper,winter,all-week,night,0.8,0
Light Fuel Oil Power Plant,Namibia,2040,upper,winter,all-week,day,0.8,0
Light Fuel Oil Power Plant,Namibia,2040,upper,spring,all-week,night,0.8,0
Light Fuel Oil Power Plant,Namibia,2040,upper,spring,all-week,day,0.8,0
Light Fuel Oil Power Plant,Namibia,2040,upper,summer,all-week,night,0.8,0
Light Fuel Oil Power Plant,Namibia,2040,upper,summer,all-week,day,0.8,0
Light Fuel Oil Power Plant,Namibia,2040,upper,autumn,all-week,night,0.8,0
Light Fuel Oil Power Plant,Namibia,2040,upper,autumn,all-week,day,0.8,0
Light Fuel Oil Power Plant,Namibia,2050,upper,winter,all-week,night,0.8,0
Light Fuel Oil Power Plant,Namibia,2050,upper,winter,all-week,day,0.8,0
Light Fuel Oil Power Plant,Namibia,2050,upper,spring,all-week,night,0.8,0
Light Fuel Oil Power Plant,Namibia,2050,upper,spring,all-week,day,0.8,0
Light Fuel Oil Power Plant,Namibia,2050,upper,summer,all-week,night,0.8,0
Light Fuel Oil Power Plant,Namibia,2050,upper,summer,all-week,day,0.8,0
Light Fuel Oil Power Plant,Namibia,2050,upper,autumn,all-week,night,0.8,0
Light Fuel Oil Power Plant,Namibia,2050,upper,autumn,all-week,day,0.8,0
Light Fuel Oil Standalone Generator (1kW),Namibia,2015,upper,winter,all-week,night,0.3,0
Light Fuel Oil Standalone Generator (1kW),Namibia,2015,upper,winter,all-week,day,0.3,0
Light Fuel Oil Standalone Generator (1kW),Namibia,2015,upper,spring,all-week,night,0.3,0
Light Fuel Oil Standalone Generator (1kW),Namibia,2015,upper,spring,all-week,day,0.3,0
Light Fuel Oil Standalone Generator (1kW),Namibia,2015,upper,summer,all-week,night,0.3,0
Light Fuel Oil Standalone Generator (1kW),Namibia,2015,upper,summer,all-week,day,0.3,0
Light Fuel Oil Standalone Generator (1kW),Namibia,2015,upper,autumn,all-week,night,0.3,0
Light Fuel Oil Standalone Generator (1kW),Namibia,2015,upper,autumn,all-week,day,0.3,0
Light Fuel Oil Standalone Generator (1kW),Namibia,2020,upper,winter,all-week,night,0.3,0
Light Fuel Oil Standalone Generator (1kW),Namibia,2020,upper,winter,all-week,day,0.3,0
Light Fuel Oil Standalone Generator (1kW),Namibia,2020,upper,spring,all-week,night,0.3,0
Light Fuel Oil Standalone Generator (1kW),Namibia,2020,upper,spring,all-week,day,0.3,0
Light Fuel Oil Standalone Generator (1kW),Namibia,2020,upper,summer,all-week,night,0.3,0
Light Fuel Oil Standalone Generator (1kW),Namibia,2020,upper,summer,all-week,day,0.3,0
Light Fuel Oil Standalone Generator (1kW),Namibia,2020,upper,autumn,all-week,night,0.3,0
Light Fuel Oil Standalone Generator (1kW),Namibia,2020,upper,autumn,all-week,day,0.3,0
Light Fuel Oil Standalone Generator (1kW),Namibia,2025,upper,winter,all-week,night,0.3,0
Light Fuel Oil Standalone Generator (1kW),Namibia,2025,upper,winter,all-week,day,0.3,0
Light Fuel Oil Standalone Generator (1kW),Namibia,2025,upper,spring,all-week,night,0.3,0
Light Fuel Oil Standalone Generator (1kW),Namibia,2025,upper,spring,all-week,day,0.3,0
Light Fuel Oil Standalone Generator (1kW),Namibia,2025,upper,summer,all-week,night,0.3,0
Light Fuel Oil Standalone Generator (1kW),Namibia,2025,upper,summer,all-week,day,0.3,0
Light Fuel Oil Standalone Generator (1kW),Namibia,2025,upper,autumn,all-week,night,0.3,0
Light Fuel Oil Standalone Generator (1kW),Namibia,2025,upper,autumn,all-week,day,0.3,0
Light Fuel Oil Standalone Generator (1kW),Namibia,2030,upper,winter,all-week,night,0.3,0
Light Fuel Oil Standalone Generator (1kW),Namibia,2030,upper,winter,all-week,day,0.3,0
Light Fuel Oil Standalone Generator (1kW),Namibia,2030,upper,spring,all-week,night,0.3,0
Light Fuel Oil Standalone Generator (1kW),Namibia,2030,upper,spring,all-week,day,0.3,0
Light Fuel Oil Standalone Generator (1kW),Namibia,2030,upper,summer,all-week,night,0.3,0
Light Fuel Oil Standalone Generator (1kW),Namibia,2030,upper,summer,all-week,day,0.3,0
Light Fuel Oil Standalone Generator (1kW),Namibia,2030,upper,autumn,all-week,night,0.3,0
Light Fuel Oil Standalone Generator (1kW),Namibia,2030,upper,autumn,all-week,day,0.3,0
Light Fuel Oil Standalone Generator (1kW),Namibia,2040,upper,winter,all-week,night,0.3,0
Light Fuel Oil Standalone Generator (1kW),Namibia,2040,upper,winter,all-week,day,0.3,0
Light Fuel Oil Standalone Generator (1kW),Namibia,2040,upper,spring,all-week,night,0.3,0
Light Fuel Oil Standalone Generator (1kW),Namibia,2040,upper,spring,all-week,day,0.3,0
Light Fuel Oil Standalone Generator (1kW),Namibia,2040,upper,summer,all-week,night,0.3,0
Light Fuel Oil Standalone Generator (1kW),Namibia,2040,upper,summer,all-week,day,0.3,0
Light Fuel Oil Standalone Generator (1kW),Namibia,2040,upper,autumn,all-week,night,0.3,0
Light Fuel Oil Standalone Generator (1kW),Namibia,2040,upper,autumn,all-week,day,0.3,0
Light Fuel Oil Standalone Generator (1kW),Namibia,2050,upper,winter,all-week,night,0.3,0
Light Fuel Oil Standalone Generator (1kW),Namibia,2050,upper,winter,all-week,day,0.3,0
Light Fuel Oil Standalone Generator (1kW),Namibia,2050,upper,spring,all-week,night,0.3,0
Light Fuel Oil Standalone Generator (1kW),Namibia,2050,upper,spring,all-week,day,0.3,0
Light Fuel Oil Standalone Generator (1kW),Namibia,2050,upper,summer,all-week,night,0.3,0
Light Fuel Oil Standalone Generator (1kW),Namibia,2050,upper,summer,all-week,day,0.3,0
Light Fuel Oil Standalone Generator (1kW),Namibia,2050,upper,autumn,all-week,night,0.3,0
Light Fuel Oil Standalone Generator (1kW),Namibia,2050,upper,autumn,all-week,day,0.3,0
Medium Hydropower Plant (10-100MW),Namibia,2015,upper,winter,all-week,night,0.396238763,0
Medium Hydropower Plant (10-100MW),Namibia,2015,upper,winter,all-week,day,0.396238763,0
Medium Hydropower Plant (10-100MW),Namibia,2015,upper,spring,all-week,night,0.672067048,0
Medium Hydropower Plant (10-100MW),Namibia,2015,upper,spring,all-week,day,0.672067048,0
Medium Hydropower Plant (10-100MW),Namibia,2015,upper,summer,all-week,night,0.290540363,0
Medium Hydropower Plant (10-100MW),Namibia,2015,upper,summer,all-week,day,0.290540363,0
Medium Hydropower Plant (10-100MW),Namibia,2015,upper,autumn,all-week,night,0.558448359,0
Medium Hydropower Plant (10-100MW),Namibia,2015,upper,autumn,all-week,day,0.558448359,0
Medium Hydropower Plant (10-100MW),Namibia,2020,upper,winter,all-week,night,0.396238763,0
Medium Hydropower Plant (10-100MW),Namibia,2020,upper,winter,all-week,day,0.396238763,0
Medium Hydropower Plant (10-100MW),Namibia,2020,upper,spring,all-week,night,0.672067048,0
Medium Hydropower Plant (10-100MW),Namibia,2020,upper,spring,all-week,day,0.672067048,0
Medium Hydropower Plant (10-100MW),Namibia,2020,upper,summer,all-week,night,0.290540363,0
Medium Hydropower Plant (10-100MW),Namibia,2020,upper,summer,all-week,day,0.290540363,0
Medium Hydropower Plant (10-100MW),Namibia,2020,upper,autumn,all-week,night,0.558448359,0
Medium Hydropower Plant (10-100MW),Namibia,2020,upper,autumn,all-week,day,0.558448359,0
Medium Hydropower Plant (10-100MW),Namibia,2025,upper,winter,all-week,night,0.396238763,0
Medium Hydropower Plant (10-100MW),Namibia,2025,upper,winter,all-week,day,0.396238763,0
Medium Hydropower Plant (10-100MW),Namibia,2025,upper,spring,all-week,night,0.672067048,0
Medium Hydropower Plant (10-100MW),Namibia,2025,upper,spring,all-week,day,0.672067048,0
Medium Hydropower Plant (10-100MW),Namibia,2025,upper,summer,all-week,night,0.290540363,0
Medium Hydropower Plant (10-100MW),Namibia,2025,upper,summer,all-week,day,0.290540363,0
Medium Hydropower Plant (10-100MW),Namibia,2025,upper,autumn,all-week,night,0.558448359,0
Medium Hydropower Plant (10-100MW),Namibia,2025,upper,autumn,all-week,day,0.558448359,0
Medium Hydropower Plant (10-100MW),Namibia,2030,upper,winter,all-week,night,0.396238763,0
Medium Hydropower Plant (10-100MW),Namibia,2030,upper,winter,all-week,day,0.396238763,0
Medium Hydropower Plant (10-100MW),Namibia,2030,upper,spring,all-week,night,0.672067048,0
Medium Hydropower Plant (10-100MW),Namibia,2030,upper,spring,all-week,day,0.672067048,0
Medium Hydropower Plant (10-100MW),Namibia,2030,upper,summer,all-week,night,0.290540363,0
Medium Hydropower Plant (10-100MW),Namibia,2030,upper,summer,all-week,day,0.290540363,0
Medium Hydropower Plant (10-100MW),Namibia,2030,upper,autumn,all-week,night,0.558448359,0
Medium Hydropower Plant (10-100MW),Namibia,2030,upper,autumn,all-week,day,0.558448359,0
Medium Hydropower Plant (10-100MW),Namibia,2040,upper,winter,all-week,night,0.396238763,0
Medium Hydropower Plant (10-100MW),Namibia,2040,upper,winter,all-week,day,0.396238763,0
Medium Hydropower Plant (10-100MW),Namibia,2040,upper,spring,all-week,night,0.672067048,0
Medium Hydropower Plant (10-100MW),Namibia,2040,upper,spring,all-week,day,0.672067048,0
Medium Hydropower Plant (10-100MW),Namibia,2040,upper,summer,all-week,night,0.290540363,0
Medium Hydropower Plant (10-100MW),Namibia,2040,upper,summer,all-week,day,0.290540363,0
Medium Hydropower Plant (10-100MW),Namibia,2040,upper,autumn,all-week,night,0.558448359,0
Medium Hydropower Plant (10-100MW),Namibia,2040,upper,autumn,all-week,day,0.558448359,0
Medium Hydropower Plant (10-100MW),Namibia,2050,upper,winter,all-week,night,0.396238763,0
Medium Hydropower Plant (10-100MW),Namibia,2050,upper,winter,all-week,day,0.396238763,0
Medium Hydropower Plant (10-100MW),Namibia,2050,upper,spring,all-week,night,0.672067048,0
Medium Hydropower Plant (10-100MW),Namibia,2050,upper,spring,all-week,day,0.672067048,0
Medium Hydropower Plant (10-100MW),Namibia,2050,upper,summer,all-week,night,0.290540363,0
Medium Hydropower Plant (10-100MW),Namibia,2050,upper,summer,all-week,day,0.290540363,0
Medium Hydropower Plant (10-100MW),Namibia,2050,upper,autumn,all-week,night,0.558448359,0
Medium Hydropower Plant (10-100MW),Namibia,2050,upper,autumn,all-week,day,0.558448359,0
Nuclear Power Plant,Namibia,2015,upper,winter,all-week,night,0.85,0
Nuclear Power Plant,Namibia,2015,upper,winter,all-week,day,0.85,0
Nuclear Power Plant,Namibia,2015,upper,spring,all-week,night,0.85,0
Nuclear Power Plant,Namibia,2015,upper,spring,all-week,day,0.85,0
Nuclear Power Plant,Namibia,2015,upper,summer,all-week,night,0.85,0
Nuclear Power Plant,Namibia,2015,upper,summer,all-week,day,0.85,0
Nuclear Power Plant,Namibia,2015,upper,autumn,all-week,night,0.85,0
Nuclear Power Plant,Namibia,2015,upper,autumn,all-week,day,0.85,0
Nuclear Power Plant,Namibia,2020,upper,winter,all-week,night,0.85,0
Nuclear Power Plant,Namibia,2020,upper,winter,all-week,day,0.85,0
Nuclear Power Plant,Namibia,2020,upper,spring,all-week,night,0.85,0
Nuclear Power Plant,Namibia,2020,upper,spring,all-week,day,0.85,0
Nuclear Power Plant,Namibia,2020,upper,summer,all-week,night,0.85,0
Nuclear Power Plant,Namibia,2020,upper,summer,all-week,day,0.85,0
Nuclear Power Plant,Namibia,2020,upper,autumn,all-week,night,0.85,0
Nuclear Power Plant,Namibia,2020,upper,autumn,all-week,day,0.85,0
Nuclear Power Plant,Namibia,2025,upper,winter,all-week,night,0.85,0
Nuclear Power Plant,Namibia,2025,upper,winter,all-week,day,0.85,0
Nuclear Power Plant,Namibia,2025,upper,spring,all-week,night,0.85,0
Nuclear Power Plant,Namibia,2025,upper,spring,all-week,day,0.85,0
Nuclear Power Plant,Namibia,2025,upper,summer,all-week,night,0.85,0
Nuclear Power Plant,Namibia,2025,upper,summer,all-week,day,0.85,0
Nuclear Power Plant,Namibia,2025,upper,autumn,all-week,night,0.85,0
Nuclear Power Plant,Namibia,2025,upper,autumn,all-week,day,0.85,0
Nuclear Power Plant,Namibia,2030,upper,winter,all-week,night,0.85,0
Nuclear Power Plant,Namibia,2030,upper,winter,all-week,day,0.85,0
Nuclear Power Plant,Namibia,2030,upper,spring,all-week,night,0.85,0
Nuclear Power Plant,Namibia,2030,upper,spring,all-week,day,0.85,0
Nuclear Power Plant,Namibia,2030,upper,summer,all-week,night,0.85,0
Nuclear Power Plant,Namibia,2030,upper,summer,all-week,day,0.85,0
Nuclear Power Plant,Namibia,2030,upper,autumn,all-week,night,0.85,0
Nuclear Power Plant,Namibia,2030,upper,autumn,all-week,day,0.85,0
Nuclear Power Plant,Namibia,2040,upper,winter,all-week,night,0.85,0
Nuclear Power Plant,Namibia,2040,upper,winter,all-week,day,0.85,0
Nuclear Power Plant,Namibia,2040,upper,spring,all-week,night,0.85,0
Nuclear Power Plant,Namibia,2040,upper,spring,all-week,day,0.85,0
Nuclear Power Plant,Namibia,2040,upper,summer,all-week,night,0.85,0
Nuclear Power Plant,Namibia,2040,upper,summer,all-week,day,0.85,0
Nuclear Power Plant,Namibia,2040,upper,autumn,all-week,night,0.85,0
Nuclear Power Plant,Namibia,2040,upper,autumn,all-week,day,0.85,0
Nuclear Power Plant,Namibia,2050,upper,winter,all-week,night,0.85,0
Nuclear Power Plant,Namibia,2050,upper,winter,all-week,day,0.85,0
Nuclear Power Plant,Namibia,2050,upper,spring,all-week,night,0.85,0
Nuclear Power Plant,Namibia,2050,upper,spring,all-week,day,0.85,0
Nuclear Power Plant,Namibia,2050,upper,summer,all-week,night,0.85,0
Nuclear Power Plant,Namibia,2050,upper,summer,all-week,day,0.85,0
Nuclear Power Plant,Namibia,2050,upper,autumn,all-week,night,0.85,0
Nuclear Power Plant,Namibia,2050,upper,autumn,all-week,day,0.85,0
Offshore Wind,Namibia,2015,upper,winter,all-week,night,0.286,0
Offshore Wind,Namibia,2015,upper,winter,all-week,day,0.441,0
Offshore Wind,Namibia,2015,upper,spring,all-week,night,0.326,0
Offshore Wind,Namibia,2015,upper,spring,all-week,day,0.414,0
Offshore Wind,Namibia,2015,upper,summer,all-week,night,0.667,0
Offshore Wind,Namibia,2015,upper,summer,all-week,day,0.719,0
Offshore Wind,Namibia,2015,upper,autumn,all-week,night,0.335,0
Offshore Wind,Namibia,2015,upper,autumn,all-week,day,0.44,0
Offshore Wind,Namibia,2020,upper,winter,all-week,night,0.286,0
Offshore Wind,Namibia,2020,upper,winter,all-week,day,0.441,0
Offshore Wind,Namibia,2020,upper,spring,all-week,night,0.326,0
Offshore Wind,Namibia,2020,upper,spring,all-week,day,0.414,0
Offshore Wind,Namibia,2020,upper,summer,all-week,night,0.667,0
Offshore Wind,Namibia,2020,upper,summer,all-week,day,0.719,0
Offshore Wind,Namibia,2020,upper,autumn,all-week,night,0.335,0
Offshore Wind,Namibia,2020,upper,autumn,all-week,day,0.44,0
Offshore Wind,Namibia,2025,upper,winter,all-week,night,0.286,0
Offshore Wind,Namibia,2025,upper,winter,all-week,day,0.441,0
Offshore Wind,Namibia,2025,upper,spring,all-week,night,0.326,0
Offshore Wind,Namibia,2025,upper,spring,all-week,day,0.414,0
Offshore Wind,Namibia,2025,upper,summer,all-week,night,0.667,0
Offshore Wind,Namibia,2025,upper,summer,all-week,day,0.719,0
Offshore Wind,Namibia,2025,upper,autumn,all-week,night,0.335,0
Offshore Wind,Namibia,2025,upper,autumn,all-week,day,0.44,0
Offshore Wind,Namibia,2030,upper,winter,all-week,night,0.286,0
Offshore Wind,Namibia,2030,upper,winter,all-week,day,0.441,0
Offshore Wind,Namibia,2030,upper,spring,all-week,night,0.326,0
Offshore Wind,Namibia,2030,upper,spring,all-week,day,0.414,0
Offshore Wind,Namibia,2030,upper,summer,all-week,night,0.667,0
Offshore Wind,Namibia,2030,upper,summer,all-week,day,0.719,0
Offshore Wind,Namibia,2030,upper,autumn,all-week,night,0.335,0
Offshore Wind,Namibia,2030,upper,autumn,all-week,day,0.44,0
Offshore Wind,Namibia,2040,upper,winter,all-week,night,0.286,0
Offshore Wind,Namibia,2040,upper,winter,all-week,day,0.441,0
Offshore Wind,Namibia,2040,upper,spring,all-week,night,0.326,0
Offshore Wind,Namibia,2040,upper,spring,all-week,day,0.414,0
Offshore Wind,Namibia,2040,upper,summer,all-week,night,0.667,0
Offshore Wind,Namibia,2040,upper,summer,all-week,day,0.719,0
Offshore Wind,Namibia,2040,upper,autumn,all-week,night,0.335,0
Offshore Wind,Namibia,2040,upper,autumn,all-week,day,0.44,0
Offshore Wind,Namibia,2050,upper,winter,all-week,night,0.286,0
Offshore Wind,Namibia,2050,upper,winter,all-week,day,0.441,0
Offshore Wind,Namibia,2050,upper,spring,all-week,night,0.326,0
Offshore Wind,Namibia,2050,upper,spring,all-week,day,0.414,0
Offshore Wind,Namibia,2050,upper,summer,all-week,night,0.667,0
Offshore Wind,Namibia,2050,upper,summer,all-week,day,0.719,0
Offshore Wind,Namibia,2050,upper,autumn,all-week,night,0.335,0
Offshore Wind,Namibia,2050,upper,autumn,all-week,day,0.44,0
Oil Fired Gas Turbine (SCGT),Namibia,2015,upper,winter,all-week,night,0.8,0
Oil Fired Gas Turbine (SCGT),Namibia,2015,upper,winter,all-week,day,0.8,0
Oil Fired Gas Turbine (SCGT),Namibia,2015,upper,spring,all-week,night,0.8,0
Oil Fired Gas Turbine (SCGT),Namibia,2015,upper,spring,all-week,day,0.8,0
Oil Fired Gas Turbine (SCGT),Namibia,2015,upper,summer,all-week,night,0.8,0
Oil Fired Gas Turbine (SCGT),Namibia,2015,upper,summer,all-week,day,0.8,0
Oil Fired Gas Turbine (SCGT),Namibia,2015,upper,autumn,all-week,night,0.8,0
Oil Fired Gas Turbine (SCGT),Namibia,2015,upper,autumn,all-week,day,0.8,0
Oil Fired Gas Turbine (SCGT),Namibia,2020,upper,winter,all-week,night,0.8,0
Oil Fired Gas Turbine (SCGT),Namibia,2020,upper,winter,all-week,day,0.8,0
Oil Fired Gas Turbine (SCGT),Namibia,2020,upper,spring,all-week,night,0.8,0
Oil Fired Gas Turbine (SCGT),Namibia,2020,upper,spring,all-week,day,0.8,0
Oil Fired Gas Turbine (SCGT),Namibia,2020,upper,summer,all-week,night,0.8,0
Oil Fired Gas Turbine (SCGT),Namibia,2020,upper,summer,all-week,day,0.8,0
Oil Fired Gas Turbine (SCGT),Namibia,2020,upper,autumn,all-week,night,0.8,0
Oil Fired Gas Turbine (SCGT),Namibia,2020,upper,autumn,all-week,day,0.8,0
Oil Fired Gas Turbine (SCGT),Namibia,2025,upper,winter,all-week,night,0.8,0
Oil Fired Gas Turbine (SCGT),Namibia,2025,upper,winter,all-week,day,0.8,0
Oil Fired Gas Turbine (SCGT),Namibia,2025,upper,spring,all-week,night,0.8,0
Oil Fired Gas Turbine (SCGT),Namibia,2025,upper,spring,all-week,day,0.8,0
Oil Fired Gas Turbine (SCGT),Namibia,2025,upper,summer,all-week,night,0.8,0
Oil Fired Gas Turbine (SCGT),Namibia,2025,upper,summer,all-week,day,0.8,0
Oil Fired Gas Turbine (SCGT),Namibia,2025,upper,autumn,all-week,night,0.8,0
Oil Fired Gas Turbine (SCGT),Namibia,2025,upper,autumn,all-week,day,0.8,0
Oil Fired Gas Turbine (SCGT),Namibia,2030,upper,winter,all-week,night,0.8,0
Oil Fired Gas Turbine (SCGT),Namibia,2030,upper,winter,all-week,day,0.8,0
Oil Fired Gas Turbine (SCGT),Namibia,2030,upper,spring,all-week,night,0.8,0
Oil Fired Gas Turbine (SCGT),Namibia,2030,upper,spring,all-week,day,0.8,0
Oil Fired Gas Turbine (SCGT),Namibia,2030,upper,summer,all-week,night,0.8,0
Oil Fired Gas Turbine (SCGT),Namibia,2030,upper,summer,all-week,day,0.8,0
Oil Fired Gas Turbine (SCGT),Namibia,2030,upper,autumn,all-week,night,0.8,0
Oil Fired Gas Turbine (SCGT),Namibia,2030,upper,autumn,all-week,day,0.8,0
Oil Fired Gas Turbine (SCGT),Namibia,2040,upper,winter,all-week,night,0.8,0
Oil Fired Gas Turbine (SCGT),Namibia,2040,upper,winter,all-week,day,0.8,0
Oil Fired Gas Turbine (SCGT),Namibia,2040,upper,spring,all-week,night,0.8,0
Oil Fired Gas Turbine (SCGT),Namibia,2040,upper,spring,all-week,day,0.8,0
Oil Fired Gas Turbine (SCGT),Namibia,2040,upper,summer,all-week,night,0.8,0
Oil Fired Gas Turbine (SCGT),Namibia,2040,upper,summer,all-week,day,0.8,0
Oil Fired Gas Turbine (SCGT),Namibia,2040,upper,autumn,all-week,night,0.8,0
Oil Fired Gas Turbine (SCGT),Namibia,2040,upper,autumn,all-week,day,0.8,0
Oil Fired Gas Turbine (SCGT),Namibia,2050,upper,winter,all-week,night,0.8,0
Oil Fired Gas Turbine (SCGT),Namibia,2050,upper,winter,all-week,day,0.8,0
Oil Fired Gas Turbine (SCGT),Namibia,2050,upper,spring,all-week,night,0.8,0
Oil Fired Gas Turbine (SCGT),Namibia,2050,upper,spring,all-week,day,0.8,0
Oil Fired Gas Turbine (SCGT),Namibia,2050,upper,summer,all-week,night,0.8,0
Oil Fired Gas Turbine (SCGT),Namibia,2050,upper,summer,all-week,day,0.8,0
Oil Fired Gas Turbine (SCGT),Namibia,2050,upper,autumn,all-week,night,0.8,0
Oil Fired Gas Turbine (SCGT),Namibia,2050,upper,autumn,all-week,day,0.8,0
Onshore Wind,Namibia,2015,upper,winter,all-week,night,0.191144444,0
Onshore Wind,Namibia,2015,upper,winter,all-week,day,0.214233025,0
Onshore Wind,Namibia,2015,upper,spring,all-week,night,0.191144444,0
Onshore Wind,Namibia,2015,upper,spring,all-week,day,0.19665006,0
Onshore Wind,Namibia,2015,upper,summer,all-week,night,0.219770833,0
Onshore Wind,Namibia,2015,upper,summer,all-week,day,0.19665006,0
Onshore Wind,Namibia,2015,upper,autumn,all-week,night,0.218094807,0
Onshore Wind,Namibia,2015,upper,autumn,all-week,day,0.149673309,0
Onshore Wind,Namibia,2020,upper,winter,all-week,night,0.191144444,0
Onshore Wind,Namibia,2020,upper,winter,all-week,day,0.214233025,0
Onshore Wind,Namibia,2020,upper,spring,all-week,night,0.191144444,0
Onshore Wind,Namibia,2020,upper,spring,all-week,day,0.19665006,0
Onshore Wind,Namibia,2020,upper,summer,all-week,night,0.219770833,0
Onshore Wind,Namibia,2020,upper,summer,all-week,day,0.19665006,0
Onshore Wind,Namibia,2020,upper,autumn,all-week,night,0.218094807,0
Onshore Wind,Namibia,2020,upper,autumn,all-week,day,0.149673309,0
Onshore Wind,Namibia,2025,upper,winter,all-week,night,0.191144444,0
Onshore Wind,Namibia,2025,upper,winter,all-week,day,0.214233025,0
Onshore Wind,Namibia,2025,upper,spring,all-week,night,0.191144444,0
Onshore Wind,Namibia,2025,upper,spring,all-week,day,0.19665006,0
Onshore Wind,Namibia,2025,upper,summer,all-week,night,0.219770833,0
Onshore Wind,Namibia,2025,upper,summer,all-week,day,0.19665006,0
Onshore Wind,Namibia,2025,upper,autumn,all-week,night,0.218094807,0
Onshore Wind,Namibia,2025,upper,autumn,all-week,day,0.149673309,0
Onshore Wind,Namibia,2030,upper,winter,all-week,night,0.191144444,0
Onshore Wind,Namibia,2030,upper,winter,all-week,day,0.214233025,0
Onshore Wind,Namibia,2030,upper,spring,all-week,night,0.191144444,0
Onshore Wind,Namibia,2030,upper,spring,all-week,day,0.19665006,0
Onshore Wind,Namibia,2030,upper,summer,all-week,night,0.219770833,0
Onshore Wind,Namibia,2030,upper,summer,all-week,day,0.19665006,0
Onshore Wind,Namibia,2030,upper,autumn,all-week,night,0.218094807,0
Onshore Wind,Namibia,2030,upper,autumn,all-week,day,0.149673309,0
Onshore Wind,Namibia,2040,upper,winter,all-week,night,0.191144444,0
Onshore Wind,Namibia,2040,upper,winter,all-week,day,0.214233025,0
Onshore Wind,Namibia,2040,upper,spring,all-week,night,0.191144444,0
Onshore Wind,Namibia,2040,upper,spring,all-week,day,0.19665006,0
Onshore Wind,Namibia,2040,upper,summer,all-week,night,0.219770833,0
Onshore Wind,Namibia,2040,upper,summer,all-week,day,0.19665006,0
Onshore Wind,Namibia,2040,upper,autumn,all-week,night,0.218094807,0
Onshore Wind,Namibia,2040,upper,autumn,all-week,day,0.149673309,0
Onshore Wind,Namibia,2050,upper,winter,all-week,night,0.191144444,0
Onshore Wind,Namibia,2050,upper,winter,all-week,day,0.214233025,0
Onshore Wind,Namibia,2050,upper,spring,all-week,night,0.191144444,0
Onshore Wind,Namibia,2050,upper,spring,all-week,day,0.19665006,0
Onshore Wind,Namibia,2050,upper,summer,all-week,night,0.219770833,0
Onshore Wind,Namibia,2050,upper,summer,all-week,day,0.19665006,0
Onshore Wind,Namibia,2050,upper,autumn,all-week,night,0.218094807,0
Onshore Wind,Namibia,2050,upper,autumn,all-week,day,0.149673309,0
Small Hydropower Plant (<10MW),Namibia,2015,upper,winter,all-week,night,0.396238763,0
Small Hydropower Plant (<10MW),Namibia,2015,upper,winter,all-week,day,0.396238763,0
Small Hydropower Plant (<10MW),Namibia,2015,upper,spring,all-week,night,0.672067048,0
Small Hydropower Plant (<10MW),Namibia,2015,upper,spring,all-week,day,0.672067048,0
Small Hydropower Plant (<10MW),Namibia,2015,upper,summer,all-week,night,0.290540363,0
Small Hydropower Plant (<10MW),Namibia,2015,upper,summer,all-week,day,0.290540363,0
Small Hydropower Plant (<10MW),Namibia,2015,upper,autumn,all-week,night,0.558448359,0
Small Hydropower Plant (<10MW),Namibia,2015,upper,autumn,all-week,day,0.558448359,0
Small Hydropower Plant (<10MW),Namibia,2020,upper,winter,all-week,night,0.396238763,0
Small Hydropower Plant (<10MW),Namibia,2020,upper,winter,all-week,day,0.396238763,0
Small Hydropower Plant (<10MW),Namibia,2020,upper,spring,all-week,night,0.672067048,0
Small Hydropower Plant (<10MW),Namibia,2020,upper,spring,all-week,day,0.672067048,0
Small Hydropower Plant (<10MW),Namibia,2020,upper,summer,all-week,night,0.290540363,0
Small Hydropower Plant (<10MW),Namibia,2020,upper,summer,all-week,day,0.290540363,0
Small Hydropower Plant (<10MW),Namibia,2020,upper,autumn,all-week,night,0.558448359,0
Small Hydropower Plant (<10MW),Namibia,2020,upper,autumn,all-week,day,0.558448359,0
Small Hydropower Plant (<10MW),Namibia,2025,upper,winter,all-week,night,0.396238763,0
Small Hydropower Plant (<10MW),Namibia,2025,upper,winter,all-week,day,0.396238763,0
Small Hydropower Plant (<10MW),Namibia,2025,upper,spring,all-week,night,0.672067048,0
Small Hydropower Plant (<10MW),Namibia,2025,upper,spring,all-week,day,0.672067048,0
Small Hydropower Plant (<10MW),Namibia,2025,upper,summer,all-week,night,0.290540363,0
Small Hydropower Plant (<10MW),Namibia,2025,upper,summer,all-week,day,0.290540363,0
Small Hydropower Plant (<10MW),Namibia,2025,upper,autumn,all-week,night,0.558448359,0
Small Hydropower Plant (<10MW),Namibia,2025,upper,autumn,all-week,day,0.558448359,0
Small Hydropower Plant (<10MW),Namibia,2030,upper,winter,all-week,night,0.396238763,0
Small Hydropower Plant (<10MW),Namibia,2030,upper,winter,all-week,day,0.396238763,0
Small Hydropower Plant (<10MW),Namibia,2030,upper,spring,all-week,night,0.672067048,0
Small Hydropower Plant (<10MW),Namibia,2030,upper,spring,all-week,day,0.672067048,0
Small Hydropower Plant (<10MW),Namibia,2030,upper,summer,all-week,night,0.290540363,0
Small Hydropower Plant (<10MW),Namibia,2030,upper,summer,all-week,day,0.290540363,0
Small Hydropower Plant (<10MW),Namibia,2030,upper,autumn,all-week,night,0.558448359,0
Small Hydropower Plant (<10MW),Namibia,2030,upper,autumn,all-week,day,0.558448359,0
Small Hydropower Plant (<10MW),Namibia,2040,upper,winter,all-week,night,0.396238763,0
Small Hydropower Plant (<10MW),Namibia,2040,upper,winter,all-week,day,0.396238763,0
Small Hydropower Plant (<10MW),Namibia,2040,upper,spring,all-week,night,0.672067048,0
Small Hydropower Plant (<10MW),Namibia,2040,upper,spring,all-week,day,0.672067048,0
Small Hydropower Plant (<10MW),Namibia,2040,upper,summer,all-week,night,0.290540363,0
Small Hydropower Plant (<10MW),Namibia,2040,upper,summer,all-week,day,0.290540363,0
Small Hydropower Plant (<10MW),Namibia,2040,upper,autumn,all-week,night,0.558448359,0
Small Hydropower Plant (<10MW),Namibia,2040,upper,autumn,all-week,day,0.558448359,0
Small Hydropower Plant (<10MW),Namibia,2050,upper,winter,all-week,night,0.396238763,0
Small Hydropower Plant (<10MW),Namibia,2050,upper,winter,all-week,day,0.396238763,0
Small Hydropower Plant (<10MW),Namibia,2050,upper,spring,all-week,night,0.672067048,0
Small Hydropower Plant (<10MW),Namibia,2050,upper,spring,all-week,day,0.672067048,0
Small Hydropower Plant (<10MW),Namibia,2050,upper,summer,all-week,night,0.290540363,0
Small Hydropower Plant (<10MW),Namibia,2050,upper,summer,all-week,day,0.290540363,0
Small Hydropower Plant (<10MW),Namibia,2050,upper,autumn,all-week,night,0.558448359,0
Small Hydropower Plant (<10MW),Namibia,2050,upper,autumn,all-week,day,0.558448359,0
Solar PV (Distributed with Storage),Namibia,2015,upper,winter,all-week,night,0.055853395,0
Solar PV (Distributed with Storage),Namibia,2015,upper,winter,all-week,day,0.33512037,0
Solar PV (Distributed with Storage),Namibia,2015,upper,spring,all-week,night,0.05033635267,0
Solar PV (Distributed with Storage),Namibia,2015,upper,spring,all-week,day,0.302018116,0
Solar PV (Distributed with Storage),Namibia,2015,upper,summer,all-week,night,0.05153472217,0
Solar PV (Distributed with Storage),Namibia,2015,upper,summer,all-week,day,0.309208333,0
Solar PV (Distributed with Storage),Namibia,2015,upper,autumn,all-week,night,0.053114011,0
Solar PV (Distributed with Storage),Namibia,2015,upper,autumn,all-week,day,0.318684066,0
Solar PV (Distributed with Storage),Namibia,2020,upper,winter,all-week,night,0.055853395,0
Solar PV (Distributed with Storage),Namibia,2020,upper,winter,all-week,day,0.33512037,0
Solar PV (Distributed with Storage),Namibia,2020,upper,spring,all-week,night,0.05033635267,0
Solar PV (Distributed with Storage),Namibia,2020,upper,spring,all-week,day,0.302018116,0
Solar PV (Distributed with Storage),Namibia,2020,upper,summer,all-week,night,0.05153472217,0
Solar PV (Distributed with Storage),Namibia,2020,upper,summer,all-week,day,0.309208333,0
Solar PV (Distributed with Storage),Namibia,2020,upper,autumn,all-week,night,0.053114011,0
Solar PV (Distributed with Storage),Namibia,2020,upper,autumn,all-week,day,0.318684066,0
Solar PV (Distributed with Storage),Namibia,2025,upper,winter,all-week,night,0.055853395,0
Solar PV (Distributed with Storage),Namibia,2025,upper,winter,all-week,day,0.33512037,0
Solar PV (Distributed with Storage),Namibia,2025,upper,spring,all-week,night,0.05033635267,0
Solar PV (Distributed with Storage),Namibia,2025,upper,spring,all-week,day,0.302018116,0
Solar PV (Distributed with Storage),Namibia,2025,upper,summer,all-week,night,0.05153472217,0
Solar PV (Distributed with Storage),Namibia,2025,upper,summer,all-week,day,0.309208333,0
Solar PV (Distributed with Storage),Namibia,2025,upper,autumn,all-week,night,0.053114011,0
Solar PV (Distributed with Storage),Namibia,2025,upper,autumn,all-week,day,0.318684066,0
Solar PV (Distributed with Storage),Namibia,2030,upper,winter,all-week,night,0.055853395,0
Solar PV (Distributed with Storage),Namibia,2030,upper,winter,all-week,day,0.33512037,0
Solar PV (Distributed with Storage),Namibia,2030,upper,spring,all-week,night,0.05033635267,0
Solar PV (Distributed with Storage),Namibia,2030,upper,spring,all-week,day,0.302018116,0
Solar PV (Distributed with Storage),Namibia,2030,upper,summer,all-week,night,0.05153472217,0
Solar PV (Distributed with Storage),Namibia,2030,upper,summer,all-week,day,0.309208333,0
Solar PV (Distributed with Storage),Namibia,2030,upper,autumn,all-week,night,0.053114011,0
Solar PV (Distributed with Storage),Namibia,2030,upper,autumn,all-week,day,0.318684066,0
Solar PV (Distributed with Storage),Namibia,2040,upper,winter,all-week,night,0.055853395,0
Solar PV (Distributed with Storage),Namibia,2040,upper,winter,all-week,day,0.33512037,0
Solar PV (Distributed with Storage),Namibia,2040,upper,spring,all-week,night,0.05033635267,0
Solar PV (Distributed with Storage),Namibia,2040,upper,spring,all-week,day,0.302018116,0
Solar PV (Distributed with Storage),Namibia,2040,upper,summer,all-week,night,0.05153472217,0
Solar PV (Distributed with Storage),Namibia,2040,upper,summer,all-week,day,0.309208333,0
Solar PV (Distributed with Storage),Namibia,2040,upper,autumn,all-week,night,0.053114011,0
Solar PV (Distributed with Storage),Namibia,2040,upper,autumn,all-week,day,0.318684066,0
Solar PV (Distributed with Storage),Namibia,2050,upper,winter,all-week,night,0.055853395,0
Solar PV (Distributed with Storage),Namibia,2050,upper,winter,all-week,day,0.33512037,0
Solar PV (Distributed with Storage),Namibia,2050,upper,spring,all-week,night,0.05033635267,0
Solar PV (Distributed with Storage),Namibia,2050,upper,spring,all-week,day,0.302018116,0
Solar PV (Distributed with Storage),Namibia,2050,upper,summer,all-week,night,0.05153472217,0
Solar PV (Distributed with Storage),Namibia,2050,upper,summer,all-week,day,0.309208333,0
Solar PV (Distributed with Storage),Namibia,2050,upper,autumn,all-week,night,0.053114011,0
Solar PV (Distributed with Storage),Namibia,2050,upper,autumn,all-week,day,0.318684066,0
Solar PV (Utility),Namibia,2015,upper,winter,all-week,night,0.0,0
Solar PV (Utility),Namibia,2015,upper,winter,all-week,day,0.33512037,0
Solar PV (Utility),Namibia,2015,upper,spring,all-week,night,0.0,0
Solar PV (Utility),Namibia,2015,upper,spring,all-week,day,0.302018116,0
Solar PV (Utility),Namibia,2015,upper,summer,all-week,night,0.0,0
Solar PV (Utility),Namibia,2015,upper,summer,all-week,day,0.309208333,0
Solar PV (Utility),Namibia,2015,upper,autumn,all-week,night,0.0,0
Solar PV (Utility),Namibia,2015,upper,autumn,all-week,day,0.318684066,0
Solar PV (Utility),Namibia,2020,upper,winter,all-week,night,0.0,0
Solar PV (Utility),Namibia,2020,upper,winter,all-week,day,0.33512037,0
Solar PV (Utility),Namibia,2020,upper,spring,all-week,night,0.0,0
Solar PV (Utility),Namibia,2020,upper,spring,all-week,day,0.302018116,0
Solar PV (Utility),Namibia,2020,upper,summer,all-week,night,0.0,0
Solar PV (Utility),Namibia,2020,upper,summer,all-week,day,0.309208333,0
Solar PV (Utility),Namibia,2020,upper,autumn,all-week,night,0.0,0
Solar PV (Utility),Namibia,2020,upper,autumn,all-week,day,0.318684066,0
Solar PV (Utility),Namibia,2025,upper,winter,all-week,night,0.0,0
Solar PV (Utility),Namibia,2025,upper,winter,all-week,day,0.33512037,0
Solar PV (Utility),Namibia,2025,upper,spring,all-week,night,0.0,0
Solar PV (Utility),Namibia,2025,upper,spring,all-week,day,0.302018116,0
Solar PV (Utility),Namibia,2025,upper,summer,all-week,night,0.0,0
Solar PV (Utility),Namibia,2025,upper,summer,all-week,day,0.309208333,0
Solar PV (Utility),Namibia,2025,upper,autumn,all-week,night,0.0,0
Solar PV (Utility),Namibia,2025,upper,autumn,all-week,day,0.318684066,0
Solar PV (Utility),Namibia,2030,upper,winter,all-week,night,0.0,0
Solar PV (Utility),Namibia,2030,upper,winter,all-week,day,0.33512037,0
Solar PV (Utility),Namibia,2030,upper,spring,all-week,night,0.0,0
Solar PV (Utility),Namibia,2030,upper,spring,all-week,day,0.302018116,0
Solar PV (Utility),Namibia,2030,upper,summer,all-week,night,0.0,0
Solar PV (Utility),Namibia,2030,upper,summer,all-week,day,0.309208333,0
Solar PV (Utility),Namibia,2030,upper,autumn,all-week,night,0.0,0
Solar PV (Utility),Namibia,2030,upper,autumn,all-week,day,0.318684066,0
Solar PV (Utility),Namibia,2040,upper,winter,all-week,night,0.0,0
Solar PV (Utility),Namibia,2040,upper,winter,all-week,day,0.33512037,0
Solar PV (Utility),Namibia,2040,upper,spring,all-week,night,0.0,0
Solar PV (Utility),Namibia,2040,upper,spring,all-week,day,0.302018116,0
Solar PV (Utility),Namibia,2040,upper,summer,all-week,night,0.0,0
Solar PV (Utility),Namibia,2040,upper,summer,all-week,day,0.309208333,0
Solar PV (Utility),Namibia,2040,upper,autumn,all-week,night,0.0,0
Solar PV (Utility),Namibia,2040,upper,autumn,all-week,day,0.318684066,0
Solar PV (Utility),Namibia,2050,upper,winter,all-week,night,0.0,0
Solar PV (Utility),Namibia,2050,upper,winter,all-week,day,0.33512037,0
Solar PV (Utility),Namibia,2050,upper,spring,all-week,night,0.0,0
Solar PV (Utility),Namibia,2050,upper,spring,all-week,day,0.302018116,0
Solar PV (Utility),Namibia,2050,upper,summer,all-week,night,0.0,0
Solar PV (Utility),Namibia,2050,upper,summer,all-week,day,0.309208333,0
Solar PV (Utility),Namibia,2050,upper,autumn,all-week,night,0.0,0
Solar PV (Utility),Namibia,2050,upper,autumn,all-week,day,0.318684066,0
