ProcessName,RegionName,Time,Level,CO2f,biomass,coal,gas,geothermal,hydro,HFO,LFO,crude_oil,solar,uranium,wind,electricity,heat
Unit,-,Year,-,kt/PJ,PJ/PJ,PJ/PJ,PJ/PJ,PJ/PJ,PJ/PJ,PJ/PJ,PJ/PJ,PJ/PJ,PJ/PJ,PJ/PJ,PJ/PJ,PJ/PJ,PJ/PJ
Biomass Power Plant,Kenya,2010,fixed,0,3.4482758620689657,0,0,0,0,0,0,0,0,0,0,0,0
Biomass Power Plant,Kenya,2015,fixed,0,3.4482758620689657,0,0,0,0,0,0,0,0,0,0,0,0
Biomass Power Plant,Kenya,2020,fixed,0,3.4482758620689657,0,0,0,0,0,0,0,0,0,0,0,0
Biomass Power Plant,Kenya,2025,fixed,0,3.4482758620689657,0,0,0,0,0,0,0,0,0,0,0,0
Biomass Power Plant,Kenya,2030,fixed,0,3.4482758620689657,0,0,0,0,0,0,0,0,0,0,0,0
Biomass Power Plant,Kenya,2035,fixed,0,3.4482758620689657,0,0,0,0,0,0,0,0,0,0,0,0
Biomass Power Plant,Kenya,2040,fixed,0,3.4482758620689657,0,0,0,0,0,0,0,0,0,0,0,0
Biomass Power Plant,Kenya,2045,fixed,0,3.4482758620689657,0,0,0,0,0,0,0,0,0,0,0,0
Biomass Power Plant,Kenya,2050,fixed,0,3.4482758620689657,0,0,0,0,0,0,0,0,0,0,0,0
CSP with Storage,Kenya,2010,fixed,0,0,0,0,0,0,0,0,0,1.0,0,0,0,0
CSP with Storage,Kenya,2015,fixed,0,0,0,0,0,0,0,0,0,1.0,0,0,0,0
CSP with Storage,Kenya,2020,fixed,0,0,0,0,0,0,0,0,0,1.0,0,0,0,0
CSP with Storage,Kenya,2025,fixed,0,0,0,0,0,0,0,0,0,1.0,0,0,0,0
CSP with Storage,Kenya,2030,fixed,0,0,0,0,0,0,0,0,0,1.0,0,0,0,0
CSP with Storage,Kenya,2035,fixed,0,0,0,0,0,0,0,0,0,1.0,0,0,0,0
CSP with Storage,Kenya,2040,fixed,0,0,0,0,0,0,0,0,0,1.0,0,0,0,0
CSP with Storage,Kenya,2045,fixed,0,0,0,0,0,0,0,0,0,1.0,0,0,0,0
CSP with Storage,Kenya,2050,fixed,0,0,0,0,0,0,0,0,0,1.0,0,0,0,0
CSP without Storage,Kenya,2010,fixed,0,0,0,0,0,0,0,0,0,1.0,0,0,0,0
CSP without Storage,Kenya,2015,fixed,0,0,0,0,0,0,0,0,0,1.0,0,0,0,0
CSP without Storage,Kenya,2020,fixed,0,0,0,0,0,0,0,0,0,1.0,0,0,0,0
CSP without Storage,Kenya,2025,fixed,0,0,0,0,0,0,0,0,0,1.0,0,0,0,0
CSP without Storage,Kenya,2030,fixed,0,0,0,0,0,0,0,0,0,1.0,0,0,0,0
CSP without Storage,Kenya,2035,fixed,0,0,0,0,0,0,0,0,0,1.0,0,0,0,0
CSP without Storage,Kenya,2040,fixed,0,0,0,0,0,0,0,0,0,1.0,0,0,0,0
CSP without Storage,Kenya,2045,fixed,0,0,0,0,0,0,0,0,0,1.0,0,0,0,0
CSP without Storage,Kenya,2050,fixed,0,0,0,0,0,0,0,0,0,1.0,0,0,0,0
Coal Power Plant,Kenya,2010,fixed,0,0,2.7,0,0,0,0,0,0,0,0,0,0,0
Coal Power Plant,Kenya,2015,fixed,0,0,2.7,0,0,0,0,0,0,0,0,0,0,0
Coal Power Plant,Kenya,2020,fixed,0,0,2.7,0,0,0,0,0,0,0,0,0,0,0
Coal Power Plant,Kenya,2025,fixed,0,0,2.7,0,0,0,0,0,0,0,0,0,0,0
Coal Power Plant,Kenya,2030,fixed,0,0,2.7,0,0,0,0,0,0,0,0,0,0,0
Coal Power Plant,Kenya,2035,fixed,0,0,2.7,0,0,0,0,0,0,0,0,0,0,0
Coal Power Plant,Kenya,2040,fixed,0,0,2.7,0,0,0,0,0,0,0,0,0,0,0
Coal Power Plant,Kenya,2045,fixed,0,0,2.7,0,0,0,0,0,0,0,0,0,0,0
Coal Power Plant,Kenya,2050,fixed,0,0,2.7,0,0,0,0,0,0,0,0,0,0,0
Gas Power Plant (CCGT),Kenya,2010,fixed,0,0,0,2.7777777777777777,0,0,0,0,0,0,0,0,0,0
Gas Power Plant (CCGT),Kenya,2015,fixed,0,0,0,2.7777777777777777,0,0,0,0,0,0,0,0,0,0
Gas Power Plant (CCGT),Kenya,2020,fixed,0,0,0,2.7272727270247934,0,0,0,0,0,0,0,0,0,0
Gas Power Plant (CCGT),Kenya,2025,fixed,0,0,0,2.678571428810587,0,0,0,0,0,0,0,0,0,0
Gas Power Plant (CCGT),Kenya,2030,fixed,0,0,0,2.6315789473684212,0,0,0,0,0,0,0,0,0,0
Gas Power Plant (CCGT),Kenya,2035,fixed,0,0,0,2.5974025974025974,0,0,0,0,0,0,0,0,0,0
Gas Power Plant (CCGT),Kenya,2040,fixed,0,0,0,2.564102564102564,0,0,0,0,0,0,0,0,0,0
Gas Power Plant (CCGT),Kenya,2045,fixed,0,0,0,2.531645569620253,0,0,0,0,0,0,0,0,0,0
Gas Power Plant (CCGT),Kenya,2050,fixed,0,0,0,2.5,0,0,0,0,0,0,0,0,0,0
Gas Power Plant (SCGT),Kenya,2010,fixed,0,0,0,2.7777777777777777,0,0,0,0,0,0,0,0,0,0
Gas Power Plant (SCGT),Kenya,2015,fixed,0,0,0,2.7777777777777777,0,0,0,0,0,0,0,0,0,0
Gas Power Plant (SCGT),Kenya,2020,fixed,0,0,0,2.7272727270247934,0,0,0,0,0,0,0,0,0,0
Gas Power Plant (SCGT),Kenya,2025,fixed,0,0,0,2.678571428810587,0,0,0,0,0,0,0,0,0,0
Gas Power Plant (SCGT),Kenya,2030,fixed,0,0,0,2.6315789473684212,0,0,0,0,0,0,0,0,0,0
Gas Power Plant (SCGT),Kenya,2035,fixed,0,0,0,2.5974025974025974,0,0,0,0,0,0,0,0,0,0
Gas Power Plant (SCGT),Kenya,2040,fixed,0,0,0,2.564102564102564,0,0,0,0,0,0,0,0,0,0
Gas Power Plant (SCGT),Kenya,2045,fixed,0,0,0,2.531645569620253,0,0,0,0,0,0,0,0,0,0
Gas Power Plant (SCGT),Kenya,2050,fixed,0,0,0,2.5,0,0,0,0,0,0,0,0,0,0
Geothermal Power Plant,Kenya,2010,fixed,0,0,0,0,10.0,0,0,0,0,0,0,0,0,0
Geothermal Power Plant,Kenya,2015,fixed,0,0,0,0,10.0,0,0,0,0,0,0,0,0,0
Geothermal Power Plant,Kenya,2020,fixed,0,0,0,0,10.0,0,0,0,0,0,0,0,0,0
Geothermal Power Plant,Kenya,2025,fixed,0,0,0,0,10.0,0,0,0,0,0,0,0,0,0
Geothermal Power Plant,Kenya,2030,fixed,0,0,0,0,10.0,0,0,0,0,0,0,0,0,0
Geothermal Power Plant,Kenya,2035,fixed,0,0,0,0,10.0,0,0,0,0,0,0,0,0,0
Geothermal Power Plant,Kenya,2040,fixed,0,0,0,0,10.0,0,0,0,0,0,0,0,0,0
Geothermal Power Plant,Kenya,2045,fixed,0,0,0,0,10.0,0,0,0,0,0,0,0,0,0
Geothermal Power Plant,Kenya,2050,fixed,0,0,0,0,10.0,0,0,0,0,0,0,0,0,0
Large Hydropower Plant (Dam) (>100MW),Kenya,2010,fixed,0,0,0,0,0,1.0,0,0,0,0,0,0,0,0
Large Hydropower Plant (Dam) (>100MW),Kenya,2015,fixed,0,0,0,0,0,1.0,0,0,0,0,0,0,0,0
Large Hydropower Plant (Dam) (>100MW),Kenya,2020,fixed,0,0,0,0,0,1.0,0,0,0,0,0,0,0,0
Large Hydropower Plant (Dam) (>100MW),Kenya,2025,fixed,0,0,0,0,0,1.0,0,0,0,0,0,0,0,0
Large Hydropower Plant (Dam) (>100MW),Kenya,2030,fixed,0,0,0,0,0,1.0,0,0,0,0,0,0,0,0
Large Hydropower Plant (Dam) (>100MW),Kenya,2035,fixed,0,0,0,0,0,1.0,0,0,0,0,0,0,0,0
Large Hydropower Plant (Dam) (>100MW),Kenya,2040,fixed,0,0,0,0,0,1.0,0,0,0,0,0,0,0,0
Large Hydropower Plant (Dam) (>100MW),Kenya,2045,fixed,0,0,0,0,0,1.0,0,0,0,0,0,0,0,0
Large Hydropower Plant (Dam) (>100MW),Kenya,2050,fixed,0,0,0,0,0,1.0,0,0,0,0,0,0,0,0
Light Fuel Oil Power Plant,Kenya,2010,fixed,0,0,0,0,0,0,0,2.7777777777777777,0,0,0,0,0,0
Light Fuel Oil Power Plant,Kenya,2015,fixed,0,0,0,0,0,0,0,2.7777777777777777,0,0,0,0,0,0
Light Fuel Oil Power Plant,Kenya,2020,fixed,0,0,0,0,0,0,0,2.7272727270247934,0,0,0,0,0,0
Light Fuel Oil Power Plant,Kenya,2025,fixed,0,0,0,0,0,0,0,2.678571428810587,0,0,0,0,0,0
Light Fuel Oil Power Plant,Kenya,2030,fixed,0,0,0,0,0,0,0,2.6315789473684212,0,0,0,0,0,0
Light Fuel Oil Power Plant,Kenya,2035,fixed,0,0,0,0,0,0,0,2.5974025974025974,0,0,0,0,0,0
Light Fuel Oil Power Plant,Kenya,2040,fixed,0,0,0,0,0,0,0,2.564102564102564,0,0,0,0,0,0
Light Fuel Oil Power Plant,Kenya,2045,fixed,0,0,0,0,0,0,0,2.531645569620253,0,0,0,0,0,0
Light Fuel Oil Power Plant,Kenya,2050,fixed,0,0,0,0,0,0,0,2.5,0,0,0,0,0,0
Light Fuel Oil Standalone Generator (1kW),Kenya,2010,fixed,0,0,0,0,0,0,0,2.7777777777777777,0,0,0,0,0,0
Light Fuel Oil Standalone Generator (1kW),Kenya,2015,fixed,0,0,0,0,0,0,0,2.7777777777777777,0,0,0,0,0,0
Light Fuel Oil Standalone Generator (1kW),Kenya,2020,fixed,0,0,0,0,0,0,0,2.7272727270247934,0,0,0,0,0,0
Light Fuel Oil Standalone Generator (1kW),Kenya,2025,fixed,0,0,0,0,0,0,0,2.678571428810587,0,0,0,0,0,0
Light Fuel Oil Standalone Generator (1kW),Kenya,2030,fixed,0,0,0,0,0,0,0,2.6315789473684212,0,0,0,0,0,0
Light Fuel Oil Standalone Generator (1kW),Kenya,2035,fixed,0,0,0,0,0,0,0,2.5974025974025974,0,0,0,0,0,0
Light Fuel Oil Standalone Generator (1kW),Kenya,2040,fixed,0,0,0,0,0,0,0,2.564102564102564,0,0,0,0,0,0
Light Fuel Oil Standalone Generator (1kW),Kenya,2045,fixed,0,0,0,0,0,0,0,2.531645569620253,0,0,0,0,0,0
Light Fuel Oil Standalone Generator (1kW),Kenya,2050,fixed,0,0,0,0,0,0,0,2.5,0,0,0,0,0,0
Medium Hydropower Plant (10-100MW),Kenya,2010,fixed,0,0,0,0,0,1.0,0,0,0,0,0,0,0,0
Medium Hydropower Plant (10-100MW),Kenya,2015,fixed,0,0,0,0,0,1.0,0,0,0,0,0,0,0,0
Medium Hydropower Plant (10-100MW),Kenya,2020,fixed,0,0,0,0,0,1.0,0,0,0,0,0,0,0,0
Medium Hydropower Plant (10-100MW),Kenya,2025,fixed,0,0,0,0,0,1.0,0,0,0,0,0,0,0,0
Medium Hydropower Plant (10-100MW),Kenya,2030,fixed,0,0,0,0,0,1.0,0,0,0,0,0,0,0,0
Medium Hydropower Plant (10-100MW),Kenya,2035,fixed,0,0,0,0,0,1.0,0,0,0,0,0,0,0,0
Medium Hydropower Plant (10-100MW),Kenya,2040,fixed,0,0,0,0,0,1.0,0,0,0,0,0,0,0,0
Medium Hydropower Plant (10-100MW),Kenya,2045,fixed,0,0,0,0,0,1.0,0,0,0,0,0,0,0,0
Medium Hydropower Plant (10-100MW),Kenya,2050,fixed,0,0,0,0,0,1.0,0,0,0,0,0,0,0,0
Nuclear Power Plant,Kenya,2010,fixed,0,0,0,0,0,0,0,0,0,0,2.7777777777777777,0,0,0
Nuclear Power Plant,Kenya,2015,fixed,0,0,0,0,0,0,0,0,0,0,2.7777777777777777,0,0,0
Nuclear Power Plant,Kenya,2020,fixed,0,0,0,0,0,0,0,0,0,0,2.7522935782341555,0,0,0
Nuclear Power Plant,Kenya,2025,fixed,0,0,0,0,0,0,0,0,0,0,2.7272727270247934,0,0,0
Nuclear Power Plant,Kenya,2030,fixed,0,0,0,0,0,0,0,0,0,0,2.7027027027027026,0,0,0
Nuclear Power Plant,Kenya,2035,fixed,0,0,0,0,0,0,0,0,0,0,2.7027027027027026,0,0,0
Nuclear Power Plant,Kenya,2040,fixed,0,0,0,0,0,0,0,0,0,0,2.7027027027027026,0,0,0
Nuclear Power Plant,Kenya,2045,fixed,0,0,0,0,0,0,0,0,0,0,2.7027027027027026,0,0,0
Nuclear Power Plant,Kenya,2050,fixed,0,0,0,0,0,0,0,0,0,0,2.7027027027027026,0,0,0
Offshore Wind,Kenya,2010,fixed,0,0,0,0,0,0,0,0,0,0,0,1.0,0,0
Offshore Wind,Kenya,2015,fixed,0,0,0,0,0,0,0,0,0,0,0,1.0,0,0
Offshore Wind,Kenya,2020,fixed,0,0,0,0,0,0,0,0,0,0,0,1.0,0,0
Offshore Wind,Kenya,2025,fixed,0,0,0,0,0,0,0,0,0,0,0,1.0,0,0
Offshore Wind,Kenya,2030,fixed,0,0,0,0,0,0,0,0,0,0,0,1.0,0,0
Offshore Wind,Kenya,2035,fixed,0,0,0,0,0,0,0,0,0,0,0,1.0,0,0
Offshore Wind,Kenya,2040,fixed,0,0,0,0,0,0,0,0,0,0,0,1.0,0,0
Offshore Wind,Kenya,2045,fixed,0,0,0,0,0,0,0,0,0,0,0,1.0,0,0
Offshore Wind,Kenya,2050,fixed,0,0,0,0,0,0,0,0,0,0,0,1.0,0,0
Oil Fired Gas Turbine (SCGT),Kenya,2010,fixed,0,0,0,0,0,0,2.7777777777777777,0,0,0,0,0,0,0
Oil Fired Gas Turbine (SCGT),Kenya,2015,fixed,0,0,0,0,0,0,2.7777777777777777,0,0,0,0,0,0,0
Oil Fired Gas Turbine (SCGT),Kenya,2020,fixed,0,0,0,0,0,0,2.7272727270247934,0,0,0,0,0,0,0
Oil Fired Gas Turbine (SCGT),Kenya,2025,fixed,0,0,0,0,0,0,2.678571428810587,0,0,0,0,0,0,0
Oil Fired Gas Turbine (SCGT),Kenya,2030,fixed,0,0,0,0,0,0,2.6315789473684212,0,0,0,0,0,0,0
Oil Fired Gas Turbine (SCGT),Kenya,2035,fixed,0,0,0,0,0,0,2.5974025974025974,0,0,0,0,0,0,0
Oil Fired Gas Turbine (SCGT),Kenya,2040,fixed,0,0,0,0,0,0,2.564102564102564,0,0,0,0,0,0,0
Oil Fired Gas Turbine (SCGT),Kenya,2045,fixed,0,0,0,0,0,0,2.531645569620253,0,0,0,0,0,0,0
Oil Fired Gas Turbine (SCGT),Kenya,2050,fixed,0,0,0,0,0,0,2.5,0,0,0,0,0,0,0
Onshore Wind,Kenya,2010,fixed,0,0,0,0,0,0,0,0,0,0,0,1.0,0,0
Onshore Wind,Kenya,2015,fixed,0,0,0,0,0,0,0,0,0,0,0,1.0,0,0
Onshore Wind,Kenya,2020,fixed,0,0,0,0,0,0,0,0,0,0,0,1.0,0,0
Onshore Wind,Kenya,2025,fixed,0,0,0,0,0,0,0,0,0,0,0,1.0,0,0
Onshore Wind,Kenya,2030,fixed,0,0,0,0,0,0,0,0,0,0,0,1.0,0,0
Onshore Wind,Kenya,2035,fixed,0,0,0,0,0,0,0,0,0,0,0,1.0,0,0
Onshore Wind,Kenya,2040,fixed,0,0,0,0,0,0,0,0,0,0,0,1.0,0,0
Onshore Wind,Kenya,2045,fixed,0,0,0,0,0,0,0,0,0,0,0,1.0,0,0
Onshore Wind,Kenya,2050,fixed,0,0,0,0,0,0,0,0,0,0,0,1.0,0,0
Small Hydropower Plant (<10MW),Kenya,2010,fixed,0,0,0,0,0,1.0,0,0,0,0,0,0,0,0
Small Hydropower Plant (<10MW),Kenya,2015,fixed,0,0,0,0,0,1.0,0,0,0,0,0,0,0,0
Small Hydropower Plant (<10MW),Kenya,2020,fixed,0,0,0,0,0,1.0,0,0,0,0,0,0,0,0
Small Hydropower Plant (<10MW),Kenya,2025,fixed,0,0,0,0,0,1.0,0,0,0,0,0,0,0,0
Small Hydropower Plant (<10MW),Kenya,2030,fixed,0,0,0,0,0,1.0,0,0,0,0,0,0,0,0
Small Hydropower Plant (<10MW),Kenya,2035,fixed,0,0,0,0,0,1.0,0,0,0,0,0,0,0,0
Small Hydropower Plant (<10MW),Kenya,2040,fixed,0,0,0,0,0,1.0,0,0,0,0,0,0,0,0
Small Hydropower Plant (<10MW),Kenya,2045,fixed,0,0,0,0,0,1.0,0,0,0,0,0,0,0,0
Small Hydropower Plant (<10MW),Kenya,2050,fixed,0,0,0,0,0,1.0,0,0,0,0,0,0,0,0
Solar PV (Distributed with Storage),Kenya,2010,fixed,0,0,0,0,0,0,0,0,0,1.0,0,0,0,0
Solar PV (Distributed with Storage),Kenya,2015,fixed,0,0,0,0,0,0,0,0,0,1.0,0,0,0,0
Solar PV (Distributed with Storage),Kenya,2020,fixed,0,0,0,0,0,0,0,0,0,1.0,0,0,0,0
Solar PV (Distributed with Storage),Kenya,2025,fixed,0,0,0,0,0,0,0,0,0,1.0,0,0,0,0
Solar PV (Distributed with Storage),Kenya,2030,fixed,0,0,0,0,0,0,0,0,0,1.0,0,0,0,0
Solar PV (Distributed with Storage),Kenya,2035,fixed,0,0,0,0,0,0,0,0,0,1.0,0,0,0,0
Solar PV (Distributed with Storage),Kenya,2040,fixed,0,0,0,0,0,0,0,0,0,1.0,0,0,0,0
Solar PV (Distributed with Storage),Kenya,2045,fixed,0,0,0,0,0,0,0,0,0,1.0,0,0,0,0
Solar PV (Distributed with Storage),Kenya,2050,fixed,0,0,0,0,0,0,0,0,0,1.0,0,0,0,0
Solar PV (Utility),Kenya,2010,fixed,0,0,0,0,0,0,0,0,0,1.0,0,0,0,0
Solar PV (Utility),Kenya,2015,fixed,0,0,0,0,0,0,0,0,0,1.0,0,0,0,0
Solar PV (Utility),Kenya,2020,fixed,0,0,0,0,0,0,0,0,0,1.0,0,0,0,0
Solar PV (Utility),Kenya,2025,fixed,0,0,0,0,0,0,0,0,0,1.0,0,0,0,0
Solar PV (Utility),Kenya,2030,fixed,0,0,0,0,0,0,0,0,0,1.0,0,0,0,0
Solar PV (Utility),Kenya,2035,fixed,0,0,0,0,0,0,0,0,0,1.0,0,0,0,0
Solar PV (Utility),Kenya,2040,fixed,0,0,0,0,0,0,0,0,0,1.0,0,0,0,0
Solar PV (Utility),Kenya,2045,fixed,0,0,0,0,0,0,0,0,0,1.0,0,0,0,0
Solar PV (Utility),Kenya,2050,fixed,0,0,0,0,0,0,0,0,0,1.0,0,0,0,0